shells filled ML   MS   omega         E(N)         E(N+1)-E(N)        E(N+1)        partialnorm(1p)
    8    1    2    1    0.10      0.384157626      0.541938479      0.926096105      0.423471235
    8    1    0    1    0.28      0.879812605      1.250352787      2.130165392      0.000000001
    8    1    1    1    0.28      0.879812605      1.069822163      1.949634768      0.965120377
    8    1    2    1    0.28      0.879812605      1.264575453      2.144388058      0.391506725
    8    1    1    1    1.00      2.616176766      3.006004153      5.622180919      0.990132287
    8    1    2    1    1.00      2.616176766      3.830971592      6.447148358      0.366724384
    8    2    0    1    0.10      2.973585861      0.971750486      3.945336347      0.856266343
    8    2    1    1    0.10      2.973585861      1.005027165      3.978613026      0.000012463
    8    2    2    1    0.10      2.973585861      0.944740973      3.918326834      0.907705720
    8    2    0    1    0.28      6.412357973      2.085601178      8.497959151      0.935411303
    8    2    1    1    0.28      6.412357973      2.216172313      8.628530286      0.000000612
    8    2    0    1    1.00     17.290647669      5.554913834     22.845561503      0.980203983
    8    2    1    1    1.00     17.290647669      6.201728007     23.492375675      0.016535250
    8    3    0    1    0.10      9.890030443      1.526915406     11.416945849      0.000000000
    8    3    1    1    0.10      9.890030443      1.519331879     11.409362322      0.891963364
    8    3    2    1    0.10      9.890030443      1.530084854     11.420115298      0.000527901
    8    3    1    1    0.28     21.033477083      3.164160924     24.197638007      0.934242432
    8    3    2    1    0.28     21.033477083      3.264965872     24.298442956      0.001128550
    8    3    0    1    1.00     55.346562448      8.778655042     64.125217490      0.000000000
    8    3    1    1    1.00     55.346562448      8.281628710     63.628191157      0.974485575
    8    3    2    1    1.00     55.346562448      8.822055000     64.168617448      0.001162586
    8    4    0    1    0.10     23.992572746      2.222881072     26.215453818      0.000164919
    8    4    1    1    0.10     23.992572746      2.188992354     26.181565100      0.000046812
    8    4    2    1    0.10     23.992572746      2.246714583     26.239287329      0.000377819
    8    4    0    1    0.28     49.737997054      4.543668850     54.281665904      0.936583141
    8    4    1    1    0.28     49.737997054      4.496628613     54.234625667      0.000010350
    8    4    2    1    0.28     49.737997054      4.497021854     54.235018908      0.946844427
    8    4    0    1    1.00    128.797511472     11.336858480    140.134369952      0.969840246
    8    4    1    1    1.00    128.797511472     11.625794640    140.423306113      0.000030468
    8    4    2    1    1.00    128.797511472     11.251363297    140.048874770      0.973721147
    8    5    0    1    0.10     47.475331265      2.665021000     50.140352265      0.000000099
    8    5    1    1    0.10     47.475331265      2.826064091     50.301395356      0.000002108
    8    5    2    1    0.10     47.475331265      2.680377856     50.155709121      0.000000063
    8    5    0    1    0.28     95.434372067      5.471174548    100.905546615      0.000000155
    8    5    1    1    0.28     95.434372067      5.819232136    101.253604203      0.000006501
    8    5    2    1    0.28     95.434372067      5.510211332    100.944583399      0.000000121
    8    5    0    1    1.00    252.687613991     14.359804507    267.047418498      0.000000220
    8    5    1    1    1.00    252.687613991     14.871108229    267.558722220      0.979570499
    8    5    2    1    1.00    252.687613991     14.437926673    267.125540664      0.000000460
    8    6    0    1    0.10     93.418982855      2.252654308     95.671637163      0.000000000
    8    6    1    1    0.10     93.418982855      2.577437727     95.996420582      0.000000028
    8    6    2    1    0.10     93.418982855      3.225678927     96.644661782      0.000048181
    8    6    0    1    0.28    188.577374092      7.896544174    196.473918266      0.000003169
    8    6    1    1    0.28    188.577374092      7.867035131    196.444409223      0.000000001
    8    6    2    1    0.28    188.577374092      7.939959367    196.517333459      0.000000592
    8    6    0    1    1.00    445.431061262     19.605506749    465.036568011      0.000000000
    8    6    1    1    1.00    445.431061262     19.098910929    464.529972191      0.000000020
    8    6    2    1    1.00    445.431061262     19.650114580    465.081175842      0.000050641
    9    1    0    1    0.10      0.384100182      0.531058802      0.915158983      0.000000001
    9    1    1    1    0.10      0.384100182      0.486285396      0.870385577      0.915749341
    9    1    2    1    0.10      0.384100182      0.541975786      0.926075968      0.423747769
    9    1    0    1    0.28      0.879734469      1.250431976      2.130166445      0.000000007
    9    1    1    1    0.28      0.879734469      1.069771092      1.949505561      0.965133894
    9    1    2    1    0.28      0.879734469      1.264590090      2.144324560      0.391884531
    9    1    0    1    1.00      2.616086680      3.810157326      6.426244006      0.000000000
    9    1    1    1    1.00      2.616086680      3.005862902      5.621949582      0.990131224
    9    1    2    1    1.00      2.616086680      3.831071818      6.447158498      0.366967433
    9    2    0    1    0.10      2.973306317      0.970211422      3.943517739      0.859294472
    9    2    1    1    0.10      2.973306317      1.003945284      3.977251600      0.000012547
    9    2    2    1    0.10      2.973306317      0.943902249      3.917208566      0.908086451
    9    2    0    1    0.28      6.411969614      2.085422153      8.497391766      0.935554864
    9    2    1    1    0.28      6.411969614      2.216241655      8.628211269      0.000000630
    9    2    2    1    0.28      6.411969614      2.033267464      8.445237078      0.951722617
    9    2    0    1    1.00     17.290178787      5.554709266     22.844888052      0.980200004
    9    2    1    1    1.00     17.290178787      6.201844717     23.492023503      0.016604914
    9    2    2    1    1.00     17.290178787      5.454373915     22.744552702      0.983588869
    9    3    0    1    0.10      9.837878295      1.523027706     11.360906001      0.000000012
    9    3    1    1    0.10      9.837878295      1.490971708     11.328850003      0.874959862
    9    3    2    1    0.10      9.837878295      1.525443526     11.363321821      0.015569397
    9    3    0    1    0.28     21.015133836      3.244671698     24.259805534      0.000000000
    9    3    1    1    0.28     21.015133836      3.151650419     24.166784255      0.927434366
    9    3    2    1    0.28     21.015133836      3.262151046     24.277284881      0.006848769
    9    3    0    1    1.00     55.344816354      8.778471004     64.123287358      0.000000000
    9    3    1    1    1.00     55.344816354      8.280664132     63.625480486      0.974161144
    9    3    2    1    1.00     55.344816354      8.821878600     64.166694955      0.001709171
    9    4    0    1    0.10     23.727419808      2.089080404     25.816500212      0.000014713
    9    4    1    1    0.10     23.727419808      2.013833949     25.741253757      0.000000399
    9    4    2    1    0.10     23.727419808      2.134989419     25.862409227      0.000620771
    9    4    0    1    0.28     49.513021308      4.381439687     53.894460994      0.932809873
    9    4    1    1    0.28     49.513021308      4.345538429     53.858559737      0.000010636
    9    4    2    1    0.28     49.513021308      4.342943845     53.855965153      0.943804274
    9    4    0    1    1.00    128.757228385     11.194567726    139.951796111      0.970364552
    9    4    1    1    1.00    128.757228385     11.507516244    140.264744629      0.000055548
    9    4    2    1    1.00    128.757228385     11.128147318    139.885375703      0.973737859
    9    5    0    1    0.10     48.414273463      2.812581297     51.226854761      0.000003088
    9    5    1    1    0.10     48.414273463      2.837155411     51.251428874      0.000010579
    9    5    2    1    0.10     48.414273463      2.816967585     51.231241048      0.000008253
    9    5    0    1    0.28     98.112062762      5.750759940    103.862822702      0.000013438
    9    5    1    1    0.28     98.112062762      5.874546223    103.986608986      0.000301285
    9    5    2    1    0.28     98.112062762      5.776859586    103.888922348      0.000013622
    9    5    0    1    1.00    250.281436065     14.591491619    264.872927684      0.000003019
    9    5    1    1    1.00    250.281436065     14.572896648    264.854332713      0.971187655
    9    5    2    1    1.00    250.281436065     14.640812716    264.922248781      0.000001945
    9    6    0    1    0.10     94.577530821      3.381962726     97.959493547      0.000000125
    9    6    1    1    0.10     94.577530821      3.236564154     97.814094975      0.000000026
    9    6    2    1    0.10     94.577530821      3.537977922     98.115508743      0.000000641
    9    6    0    1    0.28    184.571961209      7.037704648    191.609665857      0.000001906
    9    6    1    1    0.28    184.571961209      6.641713560    191.213674769      0.000000012
    9    6    2    1    0.28    184.571961209      7.149574217    191.721535426      0.000002929
    9    6    0    1    1.00    453.153899797     14.813836836    467.967736633      0.000000000
    9    6    1    1    1.00    453.153899797     11.291722733    464.445622530      0.000000657
    9    6    2    1    1.00    453.153899797     14.836000976    467.989900773      0.000095928
   10    1    0    1    0.10      0.384056457      0.531114364      0.915170821      0.000000000
   10    1    1    1    0.10      0.384056457      0.486268052      0.870324508      0.915821961
   10    1    2    1    0.10      0.384056457      0.542016267      0.926072723      0.423861505
   10    1    0    1    0.28      0.879673485      1.250509865      2.130183350      0.000000006
   10    1    1    1    0.28      0.879673485      1.069727505      1.949400990      0.965151313
   10    1    2    1    0.28      0.879673485      1.264659112      2.144332598      0.391947968
   10    1    0    1    1.00      2.616015190      3.810234545      6.426249735      0.000000000
   10    1    1    1    1.00      2.616015190      3.005882887      5.621898077      0.990130202
   10    1    2    1    1.00      2.616015190      3.831019793      6.447034983      0.366970244
   10    2    0    1    0.10      2.973096535      0.970136452      3.943232987      0.859097823
   10    2    1    1    0.10      2.973096535      1.003999208      3.977095743      0.000013455
   10    2    2    1    0.10      2.973096535      0.943796644      3.916893179      0.907929296
   10    2    0    1    0.28      6.411671722      2.085350609      8.497022332      0.935600386
   10    2    1    1    0.28      6.411671722      2.216339011      8.628010734      0.000000594
   10    2    2    1    0.28      6.411671722      2.033172377      8.444844099      0.951744208
   10    2    0    1    1.00     17.289794055      5.554814339     22.844608395      0.980197124
   10    2    1    1    1.00     17.289794055      6.201923358     23.491717414      0.016597090
   10    2    2    1    1.00     17.289794055      5.454398415     22.744192470      0.983581551
   10    3    0    1    0.10      9.827077903      1.506935650     11.334013553      0.000000000
   10    3    1    1    0.10      9.827077903      1.473401068     11.300478971      0.874705739
   10    3    2    1    0.10      9.827077903      1.508457988     11.335535891      0.000020443
   10    3    0    1    0.28     21.013400205      3.238773202     24.252173408      0.000000000
   10    3    1    1    0.28     21.013400205      3.144556921     24.157957126      0.928181456
   10    3    2    1    0.28     21.013400205      3.256752441     24.270152646      0.007334826
   10    3    0    1    1.00     55.343713651      8.778400088     64.122113739      0.000000000
   10    3    1    1    1.00     55.343713651      8.280290824     63.624004475      0.974179972
   10    3    2    1    1.00     55.343713651      8.821811706     64.165525357      0.001720009
   10    4    0    1    0.10     23.284137412      2.110208995     25.394346407      0.879347444
   10    4    1    1    0.10     23.284137412      2.084204602     25.368342014      0.000000143
   10    4    2    1    0.10     23.284137412      2.087566467     25.371703879      0.901690213
   10    4    0    1    0.28     49.301426198      4.323236348     53.624662546      0.922377253
   10    4    1    1    0.28     49.301426198      4.358133930     53.659560129      0.000154872
   10    4    2    1    0.28     49.301426198      4.288071100     53.589497298      0.933517711
   10    4    0    1    1.00    128.716828634     11.178735818    139.895564452      0.968221207
   10    4    1    1    1.00    128.716828634     11.507460626    140.224289259      0.000172816
   10    4    2    1    1.00    128.716828634     11.113305806    139.830134440      0.971792031
   10    5    0    1    0.10     49.278380090      2.555551505     51.833931596      0.000000297
   10    5    1    1    0.10     49.278380090      2.638811132     51.917191222      0.000003675
   10    5    2    1    0.10     49.278380090      2.544673616     51.823053706      0.000000136
   10    5    0    1    0.28     97.367388321      5.387286961    102.754675283      0.000000136
   10    5    1    1    0.28     97.367388321      5.614603515    102.981991836      0.000018437
   10    5    2    1    0.28     97.367388321      5.402414013    102.769802334      0.000000000
   10    5    0    1    1.00    249.941624233     14.299366580    264.240990813      0.000001166
   10    5    1    1    1.00    249.941624233     14.231646457    264.173270690      0.970575088
   10    5    2    1    1.00    249.941624233     14.341546234    264.283170467      0.000001566
   10    6    0    1    0.10     84.195383144      3.488202219     87.683585364      0.000002098
   10    6    1    1    0.10     84.195383144      3.460844039     87.656227183      0.000000048
   10    6    2    1    0.10     84.195383144      3.496692453     87.692075597      0.000000755
   10    6    0    1    0.28    176.622004994      7.069689676    183.691694670      0.000013736
   10    6    1    1    0.28    176.622004994      6.964082883    183.586087877      0.000001518
   10    6    2    1    0.28    176.622004994      7.088580771    183.710585765      0.000007815
   10    6    0    1    1.00    433.339137813     18.137640712    451.476778526      0.969513626
   10    6    1    1    1.00    433.339137813     17.677965692    451.017103505      0.000004235
   10    6    2    1    1.00    433.339137813     18.044273701    451.383411514      0.974871813
   11    1    0    1    0.10      0.384023267      0.531156348      0.915179615      0.000000001
   11    1    1    1    0.10      0.384023267      0.486260671      0.870283937      0.915876792
   11    1    2    1    0.10      0.384023267      0.542037075      0.926060342      0.424157255
   11    1    0    1    0.28      0.879626482      1.250559470      2.130185951      0.000000003
   11    1    1    1    0.28      0.879626482      1.069705327      1.949331808      0.965161734
   11    1    2    1    0.28      0.879626482      1.264683247      2.144309729      0.392091393
   11    1    0    1    1.00      2.615959512      3.810303414      6.426262926      0.000000022
   11    1    1    1    1.00      2.615959512      3.005791306      5.621750819      0.990131135
   11    1    2    1    1.00      2.615959512      3.831112686      6.447072199      0.367033956
   11    2    0    1    0.10      2.972943195      0.970103260      3.943046455      0.859411495
   11    2    1    1    0.10      2.972943195      1.004041005      3.976984200      0.000013333
   11    2    2    1    0.10      2.972943195      0.943722424      3.916665619      0.908041788
   11    2    0    1    0.28      6.411442066      2.085298737      8.496740803      0.935620308
   11    2    1    1    0.28      6.411442066      2.216419978      8.627862044      0.000000617
   11    2    2    1    0.28      6.411442066      2.033107518      8.444549583      0.951754192
   11    2    0    1    1.00     17.289479120      5.554588025     22.844067146      0.980206302
   11    2    1    1    1.00     17.289479120      6.202017630     23.491496750      0.016643477
   11    2    2    1    1.00     17.289479120      5.454319639     22.743798759      0.983577291
   11    3    0    1    0.10      9.819083633      1.504868214     11.323951847      0.000000012
   11    3    1    1    0.10      9.819083633      1.467426893     11.286510527      0.867057996
   11    3    2    1    0.10      9.819083633      1.506422782     11.325506415      0.000505457
   11    3    0    1    0.28     21.012122221      3.238693984     24.250816205      0.000000002
   11    3    1    1    0.28     21.012122221      3.143806182     24.155928403      0.927487018
   11    3    2    1    0.28     21.012122221      3.256533427     24.268655647      0.009146284
   11    3    0    1    1.00     55.342780577      8.778540083     64.121320660      0.000000001
   11    3    1    1    1.00     55.342780577      8.280140622     63.622921199      0.974177783
   11    3    2    1    1.00     55.342780577      8.821950216     64.164730793      0.001720803
   11    4    0    1    0.10     23.162860039      2.050804777     25.213664815      0.879205984
   11    4    1    1    0.10     23.162860039      2.038423103     25.201283141      0.000000017
   11    4    2    1    0.10     23.162860039      2.031264525     25.194124564      0.899623048
   11    4    0    1    0.28     49.268495824      4.275043830     53.543539654      0.923137572
   11    4    1    1    0.28     49.268495824      4.322021144     53.590516968      0.000123466
   11    4    2    1    0.28     49.268495824      4.246390118     53.514885942      0.933348812
   11    4    0    1    1.00    128.714291009     11.167434723    139.881725732      0.968449002
   11    4    1    1    1.00    128.714291009     11.501303464    140.215594473      0.000187198
   11    4    2    1    1.00    128.714291009     11.104734622    139.819025631      0.971904027
   11    5    0    1    0.10     46.309491404      2.615274363     48.924765766      0.000000554
   11    5    1    1    0.10     46.309491404      2.650049279     48.959540683      0.000013518
   11    5    2    1    0.10     46.309491404      2.615520280     48.925011684      0.000006196
   11    5    0    1    0.28     96.264747111      5.520320956    101.785068066      0.000004211
   11    5    1    1    0.28     96.264747111      5.602119334    101.866866445      0.929517594
   11    5    2    1    0.28     96.264747111      5.539292935    101.804040046      0.000013725
   11    5    0    1    1.00    249.587213037     14.325564707    263.912777744      0.000013769
   11    5    1    1    1.00    249.587213037     14.164687186    263.751900223      0.966436381
   11    5    2    1    1.00    249.587213037     14.360967797    263.948180834      0.000003321
   11    6    0    1    0.10     87.109520387      3.241563676     90.351084063      0.000000918
   11    6    1    1    0.10     87.109520735      3.121130593     90.230651328      0.000000089
   11    6    2    1    0.10     87.109520387      3.264486801     90.374007188      0.000001355
   11    6    0    1    0.28    175.573072590      6.750600225    182.323672815      0.000007434
   11    6    1    1    0.28    175.573072572      6.478263243    182.051335815      0.000000307
   11    6    2    1    0.28    175.573072590      6.776911048    182.349983638      0.000007964
   11    6    0    1    1.00    431.926471206     17.511672293    449.438143499      0.970361520
   11    6    1    1    1.00    431.926471206     17.141578785    449.068049991      0.000000848
   11    6    2    1    1.00    431.926471206     17.439151437    449.365622643      0.973199213
   12    1    0    1    0.10      0.383998106      0.531191327      0.915189433      0.000000000
   12    1    1    1    0.10      0.383998106      0.486262479      0.870260584      0.915922352
   12    1    2    1    0.10      0.383998106      0.542054310      0.926052415      0.424236383
   12    1    0    1    0.28      0.879590460      1.250600043      2.130190502      0.000000001
   12    1    1    1    0.28      0.879590460      1.069708326      1.949298785      0.965172031
   12    1    2    1    0.28      0.879590460      1.264697148      2.144287608      0.392216726
   12    1    0    1    1.00      2.615916556      3.810351604      6.426268160      0.000000003
   12    1    1    1    1.00      2.615916556      3.005811379      5.621727934      0.990129478
   12    1    2    1    1.00      2.615916556      3.831136959      6.447053514      0.367068953
   12    2    0    1    0.10      2.972827858      0.970099308      3.942927166      0.859564523
   12    2    1    1    0.10      2.972827858      1.004081793      3.976909650      0.000013738
   12    2    2    1    0.10      2.972827858      0.943710231      3.916538088      0.908129381
   12    2    0    1    0.28      6.411266176      2.085287731      8.496553907      0.935676922
   12    2    1    1    0.28      6.411266176      2.216482068      8.627748244      0.000000632
   12    2    2    1    0.28      6.411266176      2.033041047      8.444307223      0.951772881
   12    2    0    1    1.00     17.289233194      5.554596865     22.843830059      0.980202783
   12    2    1    1    1.00     17.289233194      6.202069242     23.491302436      0.016681798
   12    2    2    1    1.00     17.289233194      5.454270435     22.743503629      0.983578569
   12    3    0    1    0.10      9.817818632      1.502188888     11.320007519      0.000000000
   12    3    1    1    0.10      9.817818632      1.463948519     11.281767151      0.868692531
   12    3    2    1    0.10      9.817818632      1.503563221     11.321381853      0.000142110
   12    3    0    1    0.28     21.011529785      3.238623935     24.250153720      0.000000002
   12    3    1    1    0.28     21.011529785      3.143479431     24.155009216      0.927657003
   12    3    2    1    0.28     21.011529785      3.256449002     24.267978787      0.009149715
   12    3    0    1    1.00     55.341997510      8.778663786     64.120661296      0.000000000
   12    3    1    1    1.00     55.341997510      8.280093520     63.622091030      0.974180104
   12    3    2    1    1.00     55.341997510      8.822062960     64.164060470      0.001724453
   12    4    0    1    0.10     23.062125265      2.018864187     25.080989452      0.870010244
   12    4    1    1    0.10     23.062125265      2.038600195     25.100725460      0.000000152
   12    4    2    1    0.10     23.062125265      2.001181461     25.063306726      0.889617813
   12    4    0    1    0.28     49.238957038      4.262226085     53.501183122      0.918790140
   12    4    1    1    0.28     49.238957038      4.320606990     53.559564028      0.000000289
   12    4    2    1    0.28     49.238957038      4.235331145     53.474288183      0.929362824
   12    4    0    1    1.00    128.712102268     11.166820847    139.878923115      0.968339193
   12    4    1    1    1.00    128.712102268     11.501300887    140.213403155      0.000198403
   12    4    2    1    1.00    128.712102268     11.104391366    139.816493635      0.971825837
   12    5    0    1    0.10     45.855819126      2.489553373     48.345372499      0.000000014
   12    5    1    1    0.10     45.855819126      2.559106550     48.414925676      0.000001482
   12    5    2    1    0.10     45.855819126      2.485089899     48.340909025      0.000000075
   12    5    0    1    0.28     96.001619842      5.423545740    101.425165582      0.000006577
   12    5    1    1    0.28     96.001619842      5.479360265    101.480980107      0.928203853
   12    5    2    1    0.28     96.001619842      5.436490129    101.438109972      0.000013454
   12    5    0    1    1.00    249.561694883     14.286923142    263.848618024      0.000023902
   12    5    1    1    1.00    249.561694883     14.100493676    263.662188559      0.966821950
   12    5    2    1    1.00    249.561694883     14.320718445    263.882413328      0.000003680
   12    6    0    1    0.10     83.932851943      3.271592241     87.204444184      0.000007331
   12    6    1    1    0.10     83.932851943      3.244677888     87.177529831      0.000001220
   12    6    2    1    0.10     83.932851943      3.278107596     87.210959539      0.000008486
   12    6    0    1    0.28    167.904716854      6.750706155    174.655423009      0.000038147
   12    6    1    1    0.28    167.904716842      6.630250080    174.534966922      0.000002985
   12    6    2    1    0.28    167.904716854      6.770155480    174.674872334      0.000045525
   12    6    0    1    1.00    430.472344600     17.348373068    447.820717668      0.965423676
   12    6    1    1    1.00    430.472344600     17.254936711    447.727281311      0.000001388
   12    6    2    1    1.00    430.472344600     17.282660713    447.755005313      0.968128388
   12    7    0    1    0.10    137.737835301      3.680399384    141.418234686      0.000000163
   12    7    1    1    0.10    137.738251611      3.814161326    141.552412937      0.000000309
   12    7    2    1    0.10    137.737835301      3.678899689    141.416734990      0.000000040
   12    7    0    1    0.28    267.890046494      7.593683195    275.483729689      0.000000073
   12    7    1    1    0.28    267.890046489      7.932660784    275.822707273      0.000001467
   12    7    2    1    0.28    267.890046489      7.619698612    275.509745102      0.000000110
   12    7    0    1    1.00    676.032425775     13.169227864    689.201653640      0.000000001
   12    7    1    1    1.00    676.032425775     16.415121643    692.447547419      0.000014008
   12    7    2    1    1.00    676.032425775     15.905998646    691.938424421      0.000000190
   13    1    0    1    0.10      0.383978917      0.531216314      0.915195232      0.000000002
   13    1    1    1    0.10      0.383978917      0.486257846      0.870236763      0.915962309
   13    1    0    1    0.28      0.879562875      1.250633287      2.130196162      0.000000002
   13    1    1    1    0.28      0.879562875      1.069698096      1.949260971      0.965182978
   13    1    2    1    0.28      0.879562875      1.264741664      2.144304539      0.392140387
   13    1    0    1    1.00      2.615883540      3.810382849      6.426266389      0.000000002
   13    1    1    1    1.00      2.615883540      3.005758232      5.621641772      0.990130488
   13    1    2    1    1.00      2.615883540      3.831140785      6.447024325      0.367116969
   13    2    0    1    0.10      2.972740890      0.970090556      3.942831446      0.859661647
   13    2    1    1    0.10      2.972740890      1.004111817      3.976852707      0.000013835
   13    2    2    1    0.10      2.972740890      0.943664911      3.916405801      0.908171934
   13    2    0    1    0.28      6.411131640      2.085281590      8.496413231      0.935708657
   13    2    1    1    0.28      6.411131640      2.216528485      8.627660125      0.000000357
   13    2    2    1    0.28      6.411131640      2.032993658      8.444125299      0.951780467
   13    2    0    1    1.00     17.289040671      5.554638382     22.843679053      0.980201766
   13    2    1    1    1.00     17.289040671      6.202126194     23.491166865      0.016663672
   13    2    2    1    1.00     17.289040671      5.454251402     22.743292073      0.983565370
   13    3    0    1    0.10      9.817006284      1.501986058     11.318992342      0.000000000
   13    3    1    1    0.10      9.817006284      1.463251870     11.280258153      0.867437315
   13    3    2    1    0.10      9.817006284      1.503357902     11.320364186      0.000846958
   13    3    0    1    0.28     21.011074695      3.238693997     24.249768692      0.000000000
   13    3    1    1    0.28     21.011074695      3.143430694     24.154505389      0.927687807
   13    3    2    1    0.28     21.011074695      3.256512064     24.267586759      0.009212326
   13    3    0    1    1.00     55.341379998      8.778768055     64.120148053      0.000000010
   13    3    1    1    1.00     55.341379998      8.280054692     63.621434690      0.974184810
   13    3    2    1    1.00     55.341379998      8.822155383     64.163535381      0.001723500
   13    4    0    1    0.10     23.031856296      1.995607948     25.027464244      0.870054130
   13    4    1    1    0.10     23.031856296      2.019982684     25.051838980      0.000000102
   13    4    2    1    0.10     23.031856296      1.980536190     25.012392486      0.888490540
   13    4    0    1    0.28     49.235350370      4.253825981     53.489176351      0.919579859
   13    4    1    1    0.28     49.235350370      4.315249162     53.550599532      0.000000052
   13    4    2    1    0.28     49.235350370      4.228606666     53.463957036      0.929602939
   13    4    0    1    1.00    128.710591780     11.166661532    139.877253312      0.968361514
   13    4    1    1    1.00    128.710591780     11.501372104    140.211963884      0.000199352
   13    4    2    1    1.00    128.710591780     11.104123489    139.814715269      0.971832760
   13    5    0    1    0.10     45.140017476      2.596413546     47.736431022      0.000000532
   13    5    1    1    0.10     45.140017476      2.631251308     47.771268784      0.002715619
   13    5    2    1    0.10     45.140017476      2.600531509     47.740548985      0.000061096
   13    5    0    1    0.28     95.756144281      5.437913813    101.194058094      0.000053782
   13    5    1    1    0.28     95.756144281      5.430695653    101.186839934      0.922068229
   13    5    2    1    0.28     95.756144281      5.447113424    101.203257705      0.000006780
   13    5    0    1    1.00    249.537327095     14.287079698    263.824406793      0.000040098
   13    5    1    1    1.00    249.537327095     14.092988734    263.630315829      0.965955388
   13    5    2    1    1.00    249.537327095     14.319780210    263.857107306      0.000010890
   13    6    0    1    0.10     83.260286030      3.127225474     86.387511503      0.000003081
   13    6    1    1    0.10     83.260286030      3.042265787     86.302551816      0.000000260
   13    6    2    1    0.10     83.260286030      3.130097825     86.390383854      0.000002991
   13    6    0    1    0.28    166.852687300      6.646677205    173.499364505      0.000026507
   13    6    1    1    0.28    166.852687300      6.455673426    173.308360725      0.000000455
   13    6    2    1    0.28    166.852687300      6.664875684    173.517562984      0.000097530
   13    6    0    1    1.00    430.256489537     17.155116694    447.411606231      0.965476366
   13    6    1    1    1.00    430.256489537     17.134432635    447.390922173      0.000000580
   13    6    2    1    1.00    430.256489537     17.104075579    447.360565117      0.968091674
   13    7    0    1    1.00    684.567539104     20.228569570    704.796108674      0.000002854
   13    7    1    1    1.00    684.567539104     20.705351741    705.272890844      0.964220657
   13    7    2    1    1.00    684.567539104     20.274322743    704.841861847      0.000002502
   14    1    0    1    0.10      0.383964238      0.531238526      0.915202764      0.000000000
   14    1    1    1    0.10      0.383964238      0.486256290      0.870220528      0.915984954
   14    1    2    1    0.10      0.383964238      0.542077111      0.926041350      0.424469113
   14    1    0    1    0.28      0.879541746      1.250658644      2.130200391      0.000000002
   14    1    1    1    0.28      0.879541746      1.069676930      1.949218676      0.965185435
   14    1    2    1    0.28      0.879541746      1.264733810      2.144275556      0.392326867
   14    1    0    1    1.00      2.615858161      3.810392071      6.426250232      0.000000000
   14    1    1    1    1.00      2.615858161      3.005732251      5.621590411      0.990131048
   14    1    2    1    1.00      2.615858161      3.831151965      6.447010126      0.367140586
   14    2    0    1    0.10      2.972674936      0.970091493      3.942766429      0.859749661
   14    2    1    1    0.10      2.972674936      1.004133795      3.976808731      0.000013897
   14    2    2    1    0.10      2.972674936      0.943658502      3.916333437      0.908228495
   14    2    0    1    0.28      6.411028505      2.085317686      8.496346191      0.935739460
   14    2    1    1    0.28      6.411028505      2.216565080      8.627593585      0.000000682
   14    2    2    1    0.28      6.411028505      2.032985930      8.444014435      0.951790705
   14    2    1    1    1.00     17.288891906      6.202158918     23.491050824      0.016699949
   14    2    2    1    1.00     17.288891906      5.454205244     22.743097149      0.983584346
   14    3    0    1    0.10      9.816725308      1.501848785     11.318574093      0.000000002
   14    3    1    1    0.10      9.816725308      1.462955549     11.279680857      0.868021078
   14    3    2    1    0.10      9.816725308      1.503212801     11.319938109      0.000795398
   14    3    0    1    0.28     21.010727106      3.238745986     24.249473091      0.000000000
   14    3    1    1    0.28     21.010727106      3.143404257     24.154131363      0.927709546
   14    3    2    1    0.28     21.010727106      3.256563999     24.267291104      0.009220567
   14    3    0    1    1.00     55.340888087      8.778845390     64.119733477      0.000000000
   14    3    1    1    1.00     55.340888087      8.279881381     63.620769468      0.974181835
   14    3    2    1    1.00     55.340888087      8.822238690     64.163126777      0.001725806
   14    4    0    1    0.10     23.007444567      1.985239414     24.992683981      0.863827544
   14    4    1    1    0.10     23.007444567      2.017618530     25.025063097      0.000000816
   14    4    2    1    0.10     23.007444567      1.971310362     24.978754929      0.882740584
   14    4    0    1    0.28     49.232567020      4.252580457     53.485147477      0.918801769
   14    4    1    1    0.28     49.232567020      4.314978370     53.547545389      0.000000037
   14    4    2    1    0.28     49.232567020      4.227510802     53.460077822      0.928956521
   14    4    0    1    1.00    128.709368301     11.166644835    139.876013136      0.968362468
   14    4    1    1    1.00    128.709368301     11.501474513    140.210842814      0.000198889
   14    4    2    1    1.00    128.709368301     11.104053853    139.813422154      0.971835065
   14    5    0    1    0.10     44.933665090      2.553885973     47.487551063      0.000000000
   14    5    1    1    0.10     44.933665090      2.581929525     47.515594615      0.880129625
   14    5    2    1    0.10     44.933665090      2.555404785     47.489069875      0.000054887
   14    5    0    1    0.28     95.705166251      5.410347916    101.115514167      0.000135289
   14    5    1    1    0.28     95.705166251      5.388441639    101.093607890      0.922414135
   14    5    2    1    0.28     95.705166251      5.417840993    101.123007244      0.000006929
   14    5    0    1    1.00    249.534353423     14.285127252    263.819480675      0.000042646
   14    5    1    1    1.00    249.534353423     14.088223495    263.622576919      0.966073247
   14    5    2    1    1.00    249.534353423     14.317871317    263.852224741      0.000012009
   14    6    0    1    0.28    165.610011684      6.708167381    172.318179065      0.014854900
   14    6    1    1    0.28    165.610011684      6.596154805    172.206166488      0.000007476
   14    6    2    1    0.28    165.610011684      6.690528735    172.300540419      0.925457022
   14    6    0    1    1.00    430.037793360     17.117199465    447.154992826      0.963219611
   14    6    1    1    1.00    430.037793360     17.146246432    447.184039792      0.000001910
   14    6    2    1    1.00    430.037793360     17.068482850    447.106276210      0.965894451
   14    7    0    1    0.28    261.195547749      7.519831168    268.715378917      0.000000117
   14    7    1    1    0.28    261.195547749      7.775349081    268.970896830      0.000007303
   14    7    2    1    0.28    261.195547749      7.553143189    268.748690938      0.000000299
   14    7    0    1    1.00    683.610769646     19.980073690    703.590843336      0.000001164
   14    7    1    1    1.00    683.610769646     20.325366474    703.936136119      0.966617747
   14    7    2    1    1.00    683.610769646     20.018182988    703.628952633      0.000002080
   15    1    0    1    0.10      0.383952939      0.531254346      0.915207285      0.000000001
   15    1    1    1    0.10      0.383952939      0.486258548      0.870211487      0.916005483
   15    1    0    1    0.28      0.879525451      1.250677684      2.130203134      0.000000001
   15    1    2    1    0.28      0.879525451      1.264744023      2.144269473      0.392376296
   15    1    0    1    1.00      2.615838614      3.810422694      6.426261307      0.000000002
   15    1    1    1    1.00      2.615838614      3.005762041      5.621600655      0.990131326
   15    1    2    1    1.00      2.615838614      3.831192266      6.447030880      0.367108793
   15    2    0    1    0.10      2.972624877      0.970095948      3.942720825      0.859804553
   15    2    1    1    0.10      2.972624877      1.004154326      3.976779203      0.000013831
   15    2    2    1    0.10      2.972624877      0.943631221      3.916256098      0.908242491
   15    2    0    1    0.28      6.410949417      2.085247830      8.496197248      0.935750763
   15    2    1    1    0.28      6.410949417      2.216593735      8.627543153      0.000000678
   15    2    2    1    0.28      6.410949417      2.032956283      8.443905700      0.951813860
   15    2    1    1    1.00     17.288776655      6.202193466     23.490970121      0.016688583
   15    2    2    1    1.00     17.288776655      5.454145850     22.742922505      0.983579869
   15    3    0    1    0.10      9.816517295      1.501875006     11.318392301      0.000000001
   15    3    1    1    0.10      9.816517295      1.462920223     11.279437518      0.868047311
   15    3    2    1    0.10      9.816517295      1.503238556     11.319755851      0.001245666
   15    3    0    1    0.28     21.010460009      3.238787565     24.249247574      0.000000000
   15    3    1    1    0.28     21.010460009      3.143364161     24.153824170      0.927740009
   15    3    1    1    1.00     55.340506665      8.279790097     63.620296761      0.974183052
   15    4    1    1    0.10     23.001785840      2.012442554     25.014228394      0.000000889
   15    4    2    1    0.10     23.001785840      1.965402947     24.967188786      0.882761758
   15    4    2    1    0.28     49.231758435      4.226933263     53.458691697      0.929078492
   15    5    0    1    1.00    249.531915873     14.285148881    263.817064753      0.000042726
   15    5    2    1    1.00    249.531915873     14.317924506    263.849840378      0.000012194
   15    6    1    1    0.28    165.291901736      6.522609132    171.814510868      0.000003064
   15    6    1    1    1.00    430.018908953     17.130856938    447.149765891      0.000002414
   15    7    0    1    1.00    682.636008847     20.046884635    702.682893482      0.000001018
   15    7    2    1    1.00    682.636008847     20.076584405    702.712593252      0.000002004
