shells filled ML   MS   omega         E(N)         E(N-1)-E(N)        E(N-1)        partialnorm(1h)
    5    2    0    1    0.28      7.645609052     -1.966024524      5.679584527      0.746448419
    5    2    1    1    0.28      7.645609052     -2.081802919      5.563806133      0.918077438
    5    2    2    1    0.28      7.645609052     -1.935471893      5.710137158      0.000000000
    5    2    0    1    0.50     11.879581476     -2.944725572      8.934855904      0.708466703
    5    2    1    1    0.50     11.879581476     -3.170490193      8.709091284      0.933426549
    5    2    2    1    0.50     11.879581476     -2.905824712      8.973756764      0.000000000
    5    2    0    1    1.00     20.300941121     -4.733107628     15.567833493      0.681806863
    5    2    1    1    1.00     20.300941121     -5.254376539     15.046564582      0.956163741
    5    2    2    1    1.00     20.300941121     -4.682607207     15.618333914      0.000000000
    5    3    0    1    0.10     13.784301599     -2.068519877     11.715781722      0.868745129
    5    3    1    1    0.10     13.784301599     -2.072422940     11.711878659      0.814871234
    5    3    2    1    0.10     13.784301599     -2.083665183     11.700636416      0.883251572
    5    3    0    1    0.28     27.176760239     -3.915391435     23.261368804      0.907724084
    5    3    1    1    0.28     27.176760239     -3.830070338     23.346689901      0.833991039
    5    3    2    1    0.28     27.176760239     -3.918244891     23.258515347      0.913708568
    5    3    0    1    0.50     40.622866216     -5.704048512     34.918817704      0.929287496
    5    3    1    1    0.50     40.622866216     -5.490879708     35.131986508      0.838193819
    5    3    2    1    0.50     40.622866216     -5.696489544     34.926376671      0.932443534
    5    3    0    1    1.00     67.005692979     -9.117826968     57.887866012      0.952289097
    5    3    1    1    1.00     67.005692979     -8.577184723     58.428508256      0.832692371
    5    3    2    1    1.00     67.005692979     -9.090485233     57.915207746      0.953848815
    5    4    0    1    1.00    169.082630418    -14.958520289    154.124110129      0.000000051
    5    4    1    1    1.00    169.082630418    -15.421288519    153.661341899      0.965495796
    5    4    2    1    1.00    169.082630418    -15.274900648    153.807729770      0.000690758
    6    2    0    1    0.10      3.485771276     -0.913564156      2.572207120      0.839870145
    6    2    1    1    0.10      3.485771276     -0.953337348      2.532433928      0.917778808
    6    2    2    1    0.10      3.485771276     -0.887463605      2.598307671      0.000000000
    6    2    0    1    0.28      7.588860868     -1.926255406      5.662605463      0.751816208
    6    2    1    1    0.28      7.588860868     -2.044612461      5.544248408      0.916928487
    6    2    2    1    0.28      7.588860868     -1.880449772      5.708411096      0.000000000
    6    2    0    1    0.50     11.814022052     -2.897018632      8.917003420      0.718740879
    6    2    1    1    0.50     11.814022052     -3.129379895      8.684642156      0.933173747
    6    2    2    1    0.50     11.814022052     -2.842433127      8.971588924      0.000000000
    6    3    0    1    0.28     26.498505500     -3.790048451     22.708457049      0.890250168
    6    3    1    1    0.28     26.498505500     -3.668534912     22.829970588      0.709914205
    6    3    2    1    0.28     26.498505500     -3.797775112     22.700730388      0.889943132
    6    3    0    1    0.50     39.989420144     -5.582553159     34.406866985      0.916257474
    6    3    1    1    0.50     39.989420144     -5.341598436     34.647821708      0.701367366
    6    3    2    1    0.50     39.989420144     -5.576550226     34.412869918      0.917077657
    6    4    0    1    0.10     35.067078673     -3.296894496     31.770184176      0.789213273
    6    4    1    1    0.10     35.067078673     -3.349261477     31.717817196      0.854373413
    6    4    2    1    0.10     35.067078673     -3.219296655     31.847782018      0.661387563
    6    4    0    1    0.28     67.310528693     -5.929820729     61.380707964      0.819786466
    6    4    1    1    0.28     67.310528693     -6.085562211     61.224966481      0.906532279
    6    4    2    1    0.28     67.310528693     -5.830312169     61.480216524      0.878342691
    6    4    0    1    0.50     99.082916594     -8.365040673     90.717875921      0.866066601
    6    4    1    1    0.50     99.082916594     -8.655157451     90.427759143      0.935000177
    6    4    2    1    0.50     99.082916594     -8.292416432     90.790500161      0.899328723
    7    2    0    1    0.10      3.481251701     -0.908708020      2.572543681      0.832000779
    7    2    1    1    0.10      3.481251701     -0.946823981      2.534427720      0.914352707
    7    2    2    1    0.10      3.481251701     -0.882123755      2.599127946      0.000000000
    7    2    0    1    0.28      7.583456368     -1.923310743      5.660145624      0.756884777
    7    2    1    1    0.28      7.583456368     -2.042626820      5.540829548      0.918675898
    7    2    2    1    0.28      7.583456368     -1.879230643      5.704225725      0.000000000
    7    2    0    1    0.50     11.799882161     -2.890049541      8.909832620      0.724746258
    7    2    1    1    0.50     11.799882161     -3.124404125      8.675478036      0.935349827
    7    2    2    1    0.50     11.799882161     -2.835987865      8.963894296      0.000000000
    7    2    0    1    1.00     20.217415284     -4.676936250     15.540479034      0.694515511
    7    2    1    1    1.00     20.217415284     -5.213587852     15.003827432      0.956848277
    7    2    2    1    1.00     20.217415284     -4.614537395     15.602877889      0.000000000
    7    3    0    1    0.10     12.636669789     -1.853437480     10.783232309      0.859013534
    7    3    1    1    0.10     12.636669789     -1.811023827     10.825645962      0.765504900
    7    3    2    1    0.10     12.636669789     -1.870423415     10.766246374      0.796481465
    7    3    0    1    0.28     25.925146688     -3.651183927     22.273962761      0.898000099
    7    3    1    1    0.28     25.925146688     -3.524318317     22.400828371      0.765777595
    7    3    2    1    0.28     25.925146688     -3.640970632     22.284176055      0.876211870
    7    3    0    1    0.50     39.425006489     -5.429571282     33.995435207      0.923396656
    7    3    1    1    0.50     39.425006489     -5.184071010     34.240935479      0.759968977
    7    3    2    1    0.50     39.425006489     -5.405161996     34.019844493      0.912452602
    7    3    0    1    1.00     65.992452368     -8.865411614     57.127040754      0.949463571
    7    3    1    1    1.00     65.992452368     -8.310846707     57.681605660      0.741252299
    7    3    2    1    1.00     65.992452368     -8.819212291     57.173240077      0.945055251
    7    4    0    1    0.28     65.358751075     -5.561855887     59.796895188      0.739504631
    7    4    1    1    0.28     65.358751075     -5.779360023     59.579391051      0.913018481
    7    4    2    1    0.28     65.358751075     -5.533142442     59.825608633      0.679503529
    7    4    0    1    0.50     97.129037406     -8.011951208     89.117086198      0.688749709
    7    4    1    1    0.50     97.129037406     -8.367673134     88.761364272      0.927067204
    7    4    2    1    0.50     97.129037406     -7.992212557     89.136824849      0.671874628
    7    4    0    1    1.00    158.774918627    -12.610815054    146.164103572      0.656568379
    7    4    1    1    1.00    158.774918627    -13.260571289    145.514347338      0.947411270
    7    4    2    1    1.00    158.774918627    -12.585892713    146.189025914      0.666104331
    7    5    0    1    0.10     74.159237293     -4.942189311     69.217047982      0.823842335
    7    5    1    1    0.10     74.159237293     -4.949885024     69.209352270      0.569088635
    7    5    2    1    0.10     74.159237293     -4.972890663     69.186346631      0.594154153
    7    5    0    1    0.28    138.265913711     -8.618746556    129.647167155      0.920863237
    7    5    1    1    0.28    138.265913711     -8.497249734    129.768663976      0.815213183
    7    5    2    1    0.28    138.265913711     -8.627542480    129.638371231      0.889443087
    7    5    0    1    0.50    201.210090587    -12.128202364    189.081888223      0.940921209
    7    5    1    1    0.50    201.210090587    -11.832094504    189.377996083      0.865071742
    7    5    2    1    0.50    201.210090587    -12.103258477    189.106832110      0.931639369
    7    5    0    1    1.00    321.678032835    -18.596611816    303.081421019      0.961009354
    7    5    1    1    1.00    321.678032835    -17.914697883    303.763334951      0.912366092
    7    5    2    1    1.00    321.678032835    -18.525385736    303.152647099      0.960030991
    8    2    0    1    0.10      3.490617750     -0.913129496      2.577488254      0.823227782
    8    2    1    1    0.10      3.490617750     -0.952937798      2.537679952      0.907580338
    8    2    2    1    0.10      3.490617750     -0.886894967      2.603722783      0.000000000
    8    2    0    1    0.28      7.580209349     -1.921643259      5.658566091      0.758582675
    8    2    1    1    0.28      7.580209349     -2.041773339      5.538436011      0.919495355
    8    2    2    1    0.28      7.580209349     -1.877999780      5.702209569      0.000000000
    8    2    0    1    0.50     11.791521948     -2.886147264      8.905374684      0.727847365
    8    2    1    1    0.50     11.791521948     -3.121733311      8.669788637      0.936674245
    8    2    2    1    0.50     11.791521948     -2.832200857      8.959321091      0.000000000
    8    2    0    1    1.00     20.201980313     -4.668931304     15.533049009      0.697508006
    8    2    1    1    1.00     20.201980313     -5.208314163     14.993666151      0.957711077
    8    2    2    1    1.00     20.201980313     -4.605911554     15.596068760      0.000000000
    8    3    0    1    0.28     25.742581351     -3.583400250     22.159181101      0.908601518
    8    3    1    1    0.28     25.742581351     -3.450241845     22.292339506      0.775687973
    8    3    2    1    0.28     25.742581351     -3.572548113     22.170033238      0.895081900
    8    3    0    1    0.50     39.303611274     -5.384988350     33.918622924      0.928174112
    8    3    1    1    0.50     39.303611274     -5.132087872     34.171523402      0.765041651
    8    3    2    1    0.50     39.303611274     -5.360742730     33.942868544      0.919891429
    8    3    0    1    1.00     65.911222259     -8.843507837     57.067714422      0.950898828
    8    3    1    1    1.00     65.911222259     -8.280815466     57.630406792      0.745200837
    8    3    2    1    1.00     65.911222259     -8.796008048     57.115214211      0.947063282
    8    4    0    1    0.10     32.110070673     -2.855431404     29.254639269      0.821856616
    8    4    1    1    0.10     32.110070673     -2.882614749     29.227455924      0.876502090
    8    4    2    1    0.10     32.110070673     -2.863605485     29.246465187      0.812160252
    8    4    0    1    0.28     63.666406181     -5.382458479     58.283947702      0.834345327
    8    4    1    1    0.28     63.666406181     -5.489852226     58.176553955      0.903953159
    8    4    2    1    0.28     63.666406181     -5.374308720     58.292097461      0.826085792
    8    4    0    1    0.50     95.292698801     -7.806925409     87.485773392      0.834774148
    8    4    1    1    0.50     95.292698801     -8.031821922     87.260876879      0.922655807
    8    4    2    1    0.50     95.292698801     -7.785902483     87.506796317      0.827283822
    8    4    0    1    1.00    156.962675103    -12.368168853    144.594506250      0.818263836
    8    4    1    1    1.00    156.962675103    -12.897068788    144.065606315      0.945814149
    8    4    2    1    1.00    156.962675103    -12.327432594    144.635242509      0.813316282
    8    5    0    1    0.50    197.435382199    -11.791198844    185.644183355      0.912743765
    8    5    1    1    0.50    197.435382199    -11.526095609    185.909286591      0.000825487
    8    5    2    1    0.50    197.435382199    -11.737304671    185.698077528      0.915875582
    8    5    0    1    1.00    316.856295496    -18.100328173    298.755967323      0.951672432
    8    5    1    1    1.00    316.856295496    -17.361204027    299.495091469      0.000001355
    8    5    2    1    1.00    316.856295496    -18.029021312    298.827274184      0.952784809
    9    2    0    1    0.10      3.492504714     -0.914165834      2.578338880      0.823150927
    9    2    1    1    0.10      3.492504714     -0.954027862      2.538476852      0.907373663
    9    2    2    1    0.10      3.492504714     -0.887992639      2.604512075      0.000000000
    9    2    0    1    0.28      7.577960579     -1.920641285      5.657319294      0.759984895
    9    2    1    1    0.28      7.577960579     -2.041225624      5.536734955      0.920330535
    9    2    2    1    0.28      7.577960579     -1.877227235      5.700733344      0.000000000
    9    2    0    1    0.50     11.785940160     -2.883551723      8.902388437      0.729758011
    9    2    1    1    0.50     11.785940160     -3.119932044      8.666008116      0.937490065
    9    2    2    1    0.50     11.785940160     -2.829686837      8.956253324      0.000000000
    9    2    0    1    1.00     20.191482754     -4.663687555     15.527795199      0.699568048
    9    2    1    1    1.00     20.191482754     -5.204691286     14.986791468      0.958263916
    9    2    2    1    1.00     20.191482754     -4.600416363     15.591066391      0.000000000
    9    3    0    1    0.28     25.659996405     -3.544395050     22.115601354      0.912615557
    9    3    1    1    0.28     25.659996405     -3.416678770     22.243317634      0.788184871
    9    3    2    1    0.28     25.659996405     -3.535428985     22.124567420      0.900387898
    9    3    0    1    0.50     39.237577365     -5.355426651     33.882150714      0.929448209
    9    3    1    1    0.50     39.237577365     -5.104051343     34.133526022      0.773698886
    9    3    2    1    0.50     39.237577365     -5.333949792     33.903627573      0.922172047
    9    3    0    1    1.00     65.859459603     -8.828948933     57.030510670      0.950913184
    9    3    1    1    1.00     65.859459603     -8.262790925     57.596668678      0.749688224
    9    3    2    1    1.00     65.859459603     -8.782692547     57.076767056      0.947672554
    9    4    0    1    0.28     62.946661619     -5.240167247     57.706494372      0.783447638
    9    4    1    1    0.28     62.946661619     -5.388447983     57.558213636      0.895254617
    9    4    2    1    0.28     62.946661619     -5.245090773     57.701570846      0.754939105
    9    4    0    1    0.50     94.708580154     -7.681379785     87.027200369      0.776119245
    9    4    1    1    0.50     94.708580154     -7.940295047     86.768285107      0.917568696
    9    4    2    1    0.50     94.708580154     -7.674028904     87.034551250      0.764433538
    9    4    0    1    1.00    156.580773877    -12.285241496    144.295532381      0.766068041
    9    4    1    1    1.00    156.580773877    -12.829430783    143.751343093      0.944663284
    9    4    2    1    1.00    156.580773877    -12.254421960    144.326351916      0.766375058
    9    5    0    1    0.10     66.912855616     -4.161450235     62.751405380      0.878489053
    9    5    1    1    0.10     66.912855616     -4.089970629     62.822884986      0.817160354
    9    5    2    1    0.10     66.912855616     -4.140774920     62.772080696      0.849704337
    9    5    0    1    0.28    129.746360758     -7.677930247    122.068430511      0.912194405
    9    5    1    1    0.28    129.746360758     -7.498919547    122.247441211      0.855932353
    9    5    2    1    0.28    129.746360758     -7.622667639    122.123693119      0.902755543
    9    5    0    1    0.50    191.933246416    -11.035907591    180.897338825      0.932890344
    9    5    1    1    0.50    191.933246416    -10.738684257    181.194562159      0.875538461
    9    5    2    1    0.50    191.933246416    -10.967851021    180.965395394      0.928340181
    9    5    0    1    1.00    312.189162802    -17.408379089    294.780783713      0.952148058
    9    5    1    1    1.00    312.189162802    -16.819365293    295.369797509      0.876835821
    9    5    2    1    1.00    312.189162802    -17.334898213    294.854264589      0.949337377
   10    2    0    1    0.28      7.576353858     -1.919857975      5.656495883      0.760965671
   10    2    1    1    0.28      7.576353858     -2.040671777      5.535682081      0.920902154
   10    2    2    1    0.28      7.576353858     -1.876688131      5.699665727      0.000000000
   10    2    0    1    0.50     11.782034187     -2.881666677      8.900367510      0.731007084
   10    2    1    1    0.50     11.782034187     -3.118702082      8.663332106      0.938034370
   10    2    2    1    0.50     11.782034187     -2.827905423      8.954128765      0.000000000
   10    2    0    1    1.00     20.184080608     -4.660033788     15.524046820      0.700955204
   10    2    1    1    1.00     20.184080608     -5.202241163     14.981839445      0.958648969
   10    2    2    1    1.00     20.184080608     -4.596561842     15.587518767      0.000000000
   10    3    0    1    0.28     25.648418488     -3.540882664     22.107535824      0.913040372
   10    3    1    1    0.28     25.648418488     -3.411810075     22.236608413      0.790535217
   10    3    2    1    0.28     25.648418488     -3.531271344     22.117147144      0.901687890
   10    3    0    1    0.50     39.217867152     -5.352163203     33.865703949      0.930467563
   10    3    1    1    0.50     39.217867152     -5.099220310     34.118646842      0.776646012
   10    3    2    1    0.50     39.217867152     -5.329879889     33.887987262      0.923491442
   10    3    0    1    1.00     65.826452490     -8.822917962     57.003534529      0.951695964
   10    3    1    1    1.00     65.826452490     -8.254196065     57.572256425      0.753240331
   10    3    2    1    1.00     65.826452490     -8.775976709     57.050475782      0.948580073
   10    4    0    1    1.00    156.270461070    -12.209870044    144.060591027      0.785567541
   10    4    1    1    1.00    156.270461070    -12.750445765    143.520015305      0.946624689
   10    4    2    1    1.00    156.270461070    -12.177290339    144.093170731      0.788825554
   10    5    0    1    0.28    127.847522473     -7.461481816    120.386040657      0.910039250
   10    5    1    1    0.28    127.847522473     -7.243768348    120.603754125      0.801519333
   10    5    2    1    0.28    127.847522473     -7.434378149    120.413144324      0.904733639
   10    5    0    1    0.50    190.207610669    -10.840346497    179.367264173      0.924561354
   10    5    1    1    0.50    190.207610669    -10.494513784    179.713096885      0.789161533
   10    5    2    1    0.50    190.207610669    -10.803633366    179.403977303      0.921495221
   10    5    0    1    1.00    310.883815850    -17.258172287    293.625643563      0.944701853
   10    5    1    1    1.00    310.883815850    -16.633500135    294.250315715      0.770359537
   10    5    2    1    1.00    310.883815850    -17.207821976    293.675993874      0.943200603
   10    6    0    1    0.50    343.679915009    -14.147334482    329.532580527      0.888933668
   10    6    1    1    0.50    343.679915009    -14.423315148    329.256599861      0.935147633
   10    6    2    1    0.50    343.679915009    -14.069096053    329.610818956      0.880708097
   10    6    0    1    1.00    553.044015273    -21.812135194    531.231880079      0.908318744
   10    6    1    1    1.00    553.044015273    -22.401692228    530.642323045      0.955028199
   10    6    2    1    1.00    553.044015273    -21.718855403    531.325159870      0.907767017
   11    2    0    1    0.10      3.493982274     -0.914933199      2.579049076      0.822643788
   11    2    1    1    0.10      3.493982274     -0.954888812      2.539093462      0.907358460
   11    2    2    1    0.10      3.493982274     -0.889135025      2.604847249      0.000000000
   11    2    0    1    0.28      7.575192927     -1.919335147      5.655857780      0.761524018
   11    2    1    1    0.28      7.575192927     -2.040361832      5.534831095      0.921303908
   11    2    2    1    0.28      7.575192927     -1.876267642      5.698925285      0.000000000
   11    2    0    1    0.50     11.779144960     -2.880296351      8.898848609      0.731906980
   11    2    1    1    0.50     11.779144960     -3.117751659      8.661393301      0.938441406
   11    2    2    1    0.50     11.779144960     -2.826587816      8.952557143      0.000000000
   11    2    0    1    1.00     20.178531719     -4.657325296     15.521206422      0.701890657
   11    2    1    1    1.00     20.178531719     -5.200504542     14.978027176      0.958933371
   11    2    2    1    1.00     20.178531719     -4.593720335     15.584811384      0.000000000
   11    3    0    1    0.10     12.218507714     -1.700777593     10.517730121      0.889886580
   11    3    1    1    0.10     12.218507714     -1.662836091     10.555671622      0.818117095
   11    3    2    1    0.10     12.218507714     -1.706337904     10.512169809      0.874277778
   11    3    0    1    0.28     25.640927912     -3.538735695     22.102192216      0.913369093
   11    3    1    1    0.28     25.640927912     -3.409034369     22.231893543      0.791236424
   11    3    2    1    0.28     25.640927912     -3.528926044     22.112001867      0.902175582
   11    3    0    1    0.50     39.204603679     -5.350055544     33.854548135      0.931212732
   11    3    1    1    0.50     39.204603679     -5.096190641     34.108413038      0.778505610
   11    3    2    1    0.50     39.204603679     -5.327408979     33.877194700      0.924351629
   11    3    0    1    1.00     65.803497620     -8.818890298     56.984607322      0.952211707
   11    3    1    1    1.00     65.803497620     -8.248641868     57.554855752      0.755270481
   11    3    2    1    1.00     65.803497620     -8.771803205     57.031694415      0.949169712
   11    4    0    1    0.10     30.268188314     -2.556243950     27.711944364      0.831149801
   11    4    1    1    0.10     30.268188314     -2.610308449     27.657879865      0.880224706
   11    4    2    1    0.10     30.268188314     -2.564702308     27.703486006      0.781674848
   11    4    0    1    0.28     62.136880624     -5.084084066     57.052796558      0.813754260
   11    4    1    1    0.28     62.136880624     -5.220169711     56.916710912      0.902828820
   11    4    2    1    0.28     62.136880624     -5.081650041     57.055230583      0.794423136
   11    4    0    1    0.50     94.096265573     -7.550106279     86.546159294      0.806931502
   11    4    1    1    0.50     94.096265573     -7.797802967     86.298462606      0.924095415
   11    4    2    1    0.50     94.096265573     -7.536580645     86.559684927      0.801842715
   11    4    0    1    1.00    156.192550403    -12.194039171    143.998511232      0.789524030
   11    4    1    1    1.00    156.192550403    -12.738664664    143.453885739      0.947443897
   11    4    2    1    1.00    156.192550403    -12.161408003    144.031142400      0.792342502
   11    5    0    1    0.10     63.625889707     -3.798052708     59.827836999      0.886136039
   11    5    1    1    0.10     63.625889707     -3.757333806     59.868555901      0.834798730
   11    5    2    1    0.10     63.625889707     -3.794461503     59.831428204      0.869685433
   11    5    0    1    0.28    126.137896726     -7.230705665    118.907191061      0.907196357
   11    5    1    1    0.28    126.137896726     -7.111542562    119.026354163      0.844463134
   11    5    2    1    0.28    126.137896726     -7.222594966    118.915301760      0.901534215
   11    5    0    1    0.50    188.579148649    -10.589852573    177.989296075      0.922882596
   11    5    1    1    0.50    188.579148649    -10.353854105    178.225294544      0.844424673
   11    5    2    1    0.50    188.579148649    -10.577511751    178.001636897      0.919933973
   11    5    0    1    1.00    309.618335892    -17.028981349    292.589354542      0.944731264
   11    5    1    1    1.00    309.618335892    -16.487342544    293.130993347      0.829127408
   11    5    2    1    1.00    309.618335892    -17.003195106    292.615140786      0.943730496
   11    6    0    1    0.50    342.028817995    -14.042347221    327.986470774      0.000000000
   11    6    1    1    0.50    342.028817995    -14.323001990    327.705816006      0.900485706
   11    6    2    1    0.50    342.028817995    -14.154400315    327.874417680      0.000000267
   11    6    0    1    1.00    549.571008595    -21.384076224    528.186932371      0.737669414
   11    6    1    1    1.00    549.571008595    -22.115254675    527.455753921      0.947829896
   11    6    2    1    1.00    549.571008595    -21.388247716    528.182760879      0.000000039
   11    7    0    1    1.00    903.315814467    -28.008027607    875.307786861      0.958050618
   11    7    1    1    1.00    903.315814467    -27.334604803    875.981209664      0.917612732
   11    7    2    1    1.00    903.315814467    -27.899703427    875.416111041      0.956334830
   12    2    0    1    0.10      3.494374097     -0.915099631      2.579274466      0.822467942
   12    2    1    1    0.10      3.494374097     -0.955124554      2.539249543      0.907374040
   12    2    2    1    0.10      3.494374097     -0.889471573      2.604902523      0.000000000
   12    2    0    1    0.28      7.574310864     -1.918898482      5.655412383      0.761994960
   12    2    1    1    0.28      7.574310864     -2.040139616      5.534171249      0.921627061
   12    2    2    1    0.28      7.574310864     -1.875971646      5.698339218      0.000000000
   12    2    0    1    0.50     11.776924049     -2.879214416      8.897709634      0.732575903
   12    2    1    1    0.50     11.776924049     -3.117021588      8.659902462      0.938741999
   12    2    2    1    0.50     11.776924049     -2.825578361      8.951345688      0.000000000
   12    2    0    1    1.00     20.174245101     -4.655159086     15.519086015      0.702597681
   12    2    1    1    1.00     20.174245101     -5.199171997     14.975073104      0.959142535
   12    2    2    1    1.00     20.174245101     -4.591525625     15.582719476      0.000000000
   12    3    0    1    0.10     12.218206104     -1.700252572     10.517953532      0.889035743
   12    3    1    1    0.10     12.218206104     -1.662258191     10.555947913      0.817824567
   12    3    2    1    0.10     12.218206104     -1.705338333     10.512867771      0.874253102
   12    3    0    1    0.28     25.636212023     -3.538079706     22.098132317      0.913924948
   12    3    1    1    0.28     25.636212023     -3.407961864     22.228250159      0.792205413
   12    3    2    1    0.28     25.636212023     -3.528020506     22.108191517      0.902896889
   12    3    0    1    0.50     39.194885527     -5.348588130     33.846297398      0.931738581
   12    3    1    1    0.50     39.194885527     -5.094040323     34.100845204      0.779758612
   12    3    2    1    0.50     39.194885527     -5.325657106     33.869228422      0.924981949
   12    3    0    1    1.00     65.786246692     -8.816083686     56.970163006      0.952581486
   12    3    1    1    1.00     65.786246692     -8.244691556     57.541555136      0.756808364
   12    3    2    1    1.00     65.786246692     -8.768744712     57.017501981      0.949591852
   12    4    0    1    0.10     30.108550255     -2.527295853     27.581254403      0.829573325
   12    4    1    1    0.10     30.108550255     -2.573534738     27.535015517      0.875267740
   12    4    2    1    0.10     30.108550255     -2.531572643     27.576977613      0.795118686
   12    4    0    1    0.28     62.012452982     -5.052868182     56.959584800      0.821615516
   12    4    1    1    0.28     62.012452982     -5.179417114     56.833035868      0.907188953
   12    4    2    1    0.28     62.012452982     -5.048372699     56.964080283      0.807784784
   12    4    0    1    0.50     94.020430277     -7.528919857     86.491510420      0.812663192
   12    4    1    1    0.50     94.020430277     -7.773646189     86.246784088      0.925781488
   12    4    2    1    0.50     94.020430277     -7.515317578     86.505112698      0.807916408
   12    4    0    1    1.00    156.137169889    -12.183760030    143.953409858      0.792441314
   12    4    1    1    1.00    156.137169889    -12.730356840    143.406813049      0.947786051
   12    4    2    1    1.00    156.137169889    -12.151038760    143.986131129      0.794977075
   12    5    0    1    0.28    125.320954600     -7.139896609    118.181057991      0.901016590
   12    5    1    1    0.28    125.320954600     -6.986593219    118.334361381      0.811938833
   12    5    2    1    0.28    125.320954600     -7.135131352    118.185823248      0.894994255
   12    5    0    1    0.50    187.995254000    -10.515452222    177.479801778      0.919987027
   12    5    1    1    0.50    187.995254000    -10.250600953    177.744653047      0.811983670
   12    5    2    1    0.50    187.995254000    -10.503531193    177.491722807      0.916946297
   12    5    0    1    1.00    309.314176951    -16.985961547    292.328215404      0.944870194
   12    5    1    1    1.00    309.314176951    -16.431060634    292.883116317      0.808885787
   12    5    2    1    1.00    309.314176951    -16.958235589    292.355941362      0.943710825
   12    6    0    1    0.28    226.632234154     -9.322820974    217.309413180      0.865382397
   12    6    1    1    0.28    226.632234154     -9.471038324    217.161195830      0.911103812
   12    6    2    1    0.28    226.632234154     -9.298758390    217.333475765      0.865067599
   12    6    0    1    0.50    335.723213003    -13.414192972    322.309020031      0.876942534
   12    6    1    1    0.50    335.723213003    -13.672142108    322.051070894      0.929626939
   12    6    2    1    0.50    335.723213003    -13.391931080    322.331281923      0.877461075
   12    6    0    1    1.00    546.136012541    -21.135888788    525.000123753      0.871457845
   12    6    1    1    1.00    546.136012541    -21.675440004    524.460572536      0.947506361
   12    6    2    1    1.00    546.136012541    -21.111991146    525.024021394      0.871203458
   13    2    0    1    0.10      3.494738944     -0.915331001      2.579407942      0.822254491
   13    2    1    1    0.10      3.494738944     -0.955262762      2.539476182      0.907384916
   13    2    2    1    0.10      3.494738944     -0.889708863      2.605030081      0.000000000
   13    2    0    1    0.28      7.573628314     -1.918604787      5.655023527      0.762349527
   13    2    1    1    0.28      7.573628314     -2.039937905      5.533690409      0.921838444
   13    2    2    1    0.28      7.573628314     -1.875734768      5.697893546      0.000000000
   13    2    0    1    0.50     11.775169954     -2.878358302      8.896811652      0.733083158
   13    2    1    1    0.50     11.775169954     -3.116522287      8.658647666      0.938982066
   13    2    2    1    0.50     11.775169954     -2.824780925      8.950389029      0.000000000
   13    2    0    1    1.00     20.170831355     -4.653441576     15.517389779      0.703157276
   13    2    1    1    1.00     20.170831355     -5.198073551     14.972757804      0.959305224
   13    2    2    1    1.00     20.170831355     -4.589785858     15.581045497      0.000000000
   13    3    0    1    0.10     12.220171303     -1.701065521     10.519105781      0.888727557
   13    3    1    1    0.10     12.220171303     -1.662679191     10.557492111      0.815459594
   13    3    2    1    0.10     12.220171303     -1.705993993     10.514177310      0.873088865
   13    3    0    1    0.28     25.632638266     -3.537572031     22.095066235      0.914354258
   13    3    1    1    0.28     25.632638266     -3.407201687     22.225436579      0.792950697
   13    3    2    1    0.28     25.632638266     -3.527357408     22.105280858      0.903480552
   13    3    0    1    0.50     39.187506765     -5.347484706     33.840022058      0.932128025
   13    3    1    1    0.50     39.187506765     -5.092365161     34.095141604      0.780679810
   13    3    2    1    0.50     39.187506765     -5.324313149     33.863193616      0.925461185
   13    3    0    1    1.00     65.773142830     -8.813984069     56.959158762      0.952867733
   13    3    1    1    1.00     65.773142830     -8.241712022     57.531430809      0.757920032
   13    3    2    1    1.00     65.773142830     -8.766478915     57.006663915      0.949898572
   13    4    0    1    0.10     29.999445729     -2.491779083     27.507666646      0.840561166
   13    4    1    1    0.10     29.999445729     -2.538711174     27.460734555      0.880369762
   13    4    2    1    0.10     29.999445729     -2.498635178     27.500810550      0.804864389
   13    4    0    1    0.28     61.988346988     -5.044405044     56.943941944      0.823436652
   13    4    1    1    0.28     61.988346988     -5.172284733     56.816062255      0.907713704
   13    4    2    1    0.28     61.988346988     -5.040037935     56.948309052      0.809523329
   13    4    0    1    0.50     93.994820252     -7.525002760     86.469817492      0.814468619
   13    4    1    1    0.50     93.994820252     -7.770550517     86.224269735      0.926447904
   13    4    2    1    0.50     93.994820252     -7.511168756     86.483651495      0.809624050
   13    4    0    1    1.00    156.096879044    -12.177953842    143.918925202      0.794646711
   13    4    1    1    1.00    156.096879044    -12.725910962    143.370968082      0.948304515
   13    4    2    1    1.00    156.096879044    -12.145029646    143.951849398      0.797132031
   13    5    0    1    0.10     61.815226751     -3.615592975     58.199633776      0.877154793
   13    5    1    1    0.10     61.815226751     -3.571706261     58.243520490      0.823581112
   13    5    2    1    0.10     61.815226751     -3.616521463     58.198705288      0.863119383
   13    5    0    1    0.28    124.627010062     -7.037341548    117.589668513      0.902560341
   13    5    1    1    0.28    124.627010062     -6.907926847    117.719083215      0.830155146
   13    5    2    1    0.28    124.627010062     -7.029594824    117.597415238      0.895399956
   13    5    0    1    0.50    187.504695645    -10.426548302    177.078147343      0.923436991
   13    5    1    1    0.50    187.504695645    -10.178282191    177.326413454      0.830079956
   13    5    2    1    0.50    187.504695645    -10.410670841    177.094024804      0.919599594
   13    5    0    1    1.00    309.074302955    -16.939093774    292.135209181      0.946589233
   13    5    1    1    1.00    309.074302955    -16.386138171    292.688164784      0.819218268
   13    5    2    1    1.00    309.074302955    -16.907884004    292.166418952      0.944917197
   13    6    0    1    1.00    545.073139644    -20.996761118    524.076378526      0.815767534
   13    6    1    1    1.00    545.073139644    -21.575169824    523.497969820      0.943535471
   13    6    2    1    1.00    545.073139644    -20.976663361    524.096476283      0.815222013
   13    7    0    1    1.00    888.136711208    -26.768577096    861.368134111      0.951645629
   13    7    1    1    1.00    888.136711208    -26.188330664    861.948380544      0.902169735
   13    7    2    1    1.00    888.136711208    -26.730923393    861.405787815      0.951540842
   14    2    0    1    0.10      3.495022414     -0.915465841      2.579556574      0.822168410
   14    2    1    1    0.10      3.495022414     -0.955456022      2.539566393      0.907312111
   14    2    2    1    0.10      3.495022414     -0.889918154      2.605104260      0.000000000
   14    2    0    1    0.28      7.573082966     -1.918341079      5.654741886      0.762602941
   14    2    1    1    0.28      7.573082966     -2.039795213      5.533287753      0.922018015
   14    2    2    1    0.28      7.573082966     -1.875554466      5.697528499      0.000000000
   14    2    0    1    0.50     11.773748459     -2.877667552      8.896080907      0.733480208
   14    2    1    1    0.50     11.773748459     -3.116072352      8.657676106      0.939171318
   14    2    2    1    0.50     11.773748459     -2.824139908      8.949608551      0.000000000
   14    2    0    1    1.00     20.168048614     -4.652091330     15.515957284      0.703596354
   14    2    1    1    1.00     20.168048614     -5.197022639     14.971025975      0.959454133
   14    2    2    1    1.00     20.168048614     -4.588371147     15.579677467      0.000000000
   14    3    0    1    0.10     12.220813533     -1.701405304     10.519408229      0.888711964
   14    3    1    1    0.10     12.220813533     -1.662893319     10.557920214      0.815476721
   14    3    2    1    0.10     12.220813533     -1.706133489     10.514680043      0.873223519
   14    3    0    1    0.28     25.629871213     -3.537192843     22.092678370      0.914678881
   14    3    1    1    0.28     25.629871213     -3.406573522     22.223297691      0.793479681
   14    3    2    1    0.28     25.629871213     -3.526897353     22.102973860      0.903871029
   14    3    0    1    0.50     39.181743897     -5.346598430     33.835145467      0.932436497
   14    3    1    1    0.50     39.181743897     -5.091098819     34.090645078      0.781395812
   14    3    2    1    0.50     39.181743897     -5.323324958     33.858418939      0.925815666
   14    3    0    1    1.00     65.762784588     -8.812495696     56.950288893      0.953076247
   14    3    1    1    1.00     65.762784588     -8.239436903     57.523347686      0.758726026
   14    3    2    1    1.00     65.762784588     -8.764771708     56.998012880      0.950143973
   14    4    0    1    0.10     29.968517289     -2.483459846     27.485057443      0.835515532
   14    4    1    1    0.10     29.968517289     -2.526708243     27.441809046      0.879623248
   14    4    2    1    0.10     29.968517289     -2.488186962     27.480330328      0.806523099
   14    4    0    1    0.28     61.972314951     -5.039718623     56.932596328      0.823854590
   14    4    1    1    0.28     61.972314951     -5.167457778     56.804857173      0.908227589
   14    4    2    1    0.28     61.972314951     -5.035153883     56.937161068      0.810327647
   14    4    0    1    0.50     93.976182840     -7.522376069     86.453806771      0.815673241
   14    4    1    1    0.50     93.976182840     -7.768464533     86.207718307      0.926949594
   14    4    2    1    0.50     93.976182840     -7.508369098     86.467813742      0.810822804
   14    4    0    1    1.00    156.066552700    -12.173828553    143.892724147      0.796091173
   14    4    1    1    1.00    156.066552700    -12.722787111    143.343765588      0.948666048
   14    4    2    1    1.00    156.066552700    -12.140822296    143.925730404      0.798509622
   14    5    0    1    0.10     61.239501195     -3.544852543     57.694648652      0.879511776
   14    5    1    1    0.10     61.239501195     -3.491242085     57.748259109      0.820494757
   14    5    2    1    0.10     61.239501195     -3.546282029     57.693219165      0.867996153
   14    5    0    1    0.28    124.345210905     -6.986470577    117.358740328      0.904137354
   14    5    1    1    0.28    124.345210905     -6.846645686    117.498565219      0.827550842
   14    5    2    1    0.28    124.345210905     -6.979724093    117.365486813      0.898383646
   14    5    0    1    0.50    187.367021884    -10.399405521    176.967616364      0.924713666
   14    5    1    1    0.50    187.367021884    -10.145967657    177.221054227      0.830716386
   14    5    2    1    0.50    187.367021884    -10.384086949    176.982934935      0.921516445
   14    5    0    1    1.00    308.992570858    -16.931058017    292.061512841      0.947055314
   14    5    1    1    1.00    308.992570858    -16.375903044    292.616667814      0.821826302
   14    5    2    1    1.00    308.992570858    -16.899888373    292.092682485      0.945515943
   14    6    0    1    0.10    112.531005672     -4.744949453    107.786056219      0.848691314
   14    6    1    1    0.10    112.531005672     -4.791848713    107.739156959      0.884544936
   14    6    2    1    0.10    112.531005672     -4.740760684    107.790244988      0.838366004
   14    6    0    1    0.28    222.710301175     -8.980827593    213.729473582      0.857601832
   14    6    1    1    0.28    222.710301175     -9.101140919    213.609160256      0.908291059
   14    6    2    1    0.28    222.710301175     -8.973013640    213.737287534      0.853101272
   14    6    0    1    0.50    332.421395102    -13.094448211    319.326946892      0.857856147
   14    6    1    1    0.50    332.421395102    -13.325536070    319.095859032      0.923258372
   14    6    2    1    0.50    332.421395102    -13.080990473    319.340404629      0.854360565
   14    6    0    1    1.00    544.077222703    -20.898216840    523.179005863      0.846279472
   14    6    1    1    1.00    544.077222703    -21.423625577    522.653597126      0.944668656
   14    6    2    1    1.00    544.077222703    -20.872520424    523.204702279      0.844242747
   14    7    0    1    1.00    885.280188633    -26.573010026    858.707178607      0.946263995
   14    7    1    1    1.00    885.280188633    -25.887098390    859.393090243      0.814142591
   14    7    2    1    1.00    885.280188633    -26.537168202    858.743020431      0.945978311
   15    2    0    1    0.28      7.572639517     -1.918135479      5.654504038      0.762851040
   15    2    1    1    0.28      7.572639517     -2.039617581      5.533021935      0.922175000
   15    2    2    1    0.28      7.572639517     -1.875408725      5.697230791      0.000000000
   15    2    0    1    0.50     11.772575499     -2.877118991      8.895456508      0.733792568
   15    2    1    1    0.50     11.772575499     -3.115725913      8.656849586      0.939327039
   15    2    2    1    0.50     11.772575499     -2.823612440      8.948963059      0.000000000
   15    2    0    1    1.00     20.165738976     -4.650925902     15.514813074      0.703955463
   15    2    1    1    1.00     20.165738976     -5.196301811     14.969437165      0.959562757
   15    2    2    1    1.00     20.165738976     -4.587200090     15.578538886      0.000000000
   15    3    0    1    0.28     25.627676927     -3.536883616     22.090793311      0.914928193
   15    3    1    1    0.28     25.627676927     -3.406096607     22.221580320      0.793875278
   15    3    2    1    0.28     25.627676927     -3.526509942     22.101166985      0.904221450
   15    3    0    1    0.50     39.177111120     -5.345880386     33.831230734      0.932663270
   15    3    1    1    0.50     39.177111120     -5.090083785     34.087027335      0.781939531
   15    3    2    1    0.50     39.177111120     -5.322520448     33.854590672      0.926111119
   15    3    0    1    1.00     65.754413145     -8.811211745     56.943201401      0.953250626
   15    3    1    1    1.00     65.754413145     -8.237583737     57.516829408      0.759377696
   15    3    2    1    1.00     65.754413145     -8.763351301     56.991061844      0.950330708
   15    4    0    1    0.28     61.964521123     -5.038624519     56.925896604      0.824614286
   15    4    1    1    0.28     61.964521123     -5.166606679     56.797914444      0.908636269
   15    4    2    1    0.28     61.964521123     -5.033935688     56.930585435      0.811194176
   15    4    0    1    0.50     93.961896489     -7.520568998     86.441327491      0.816591807
   15    4    1    1    0.50     93.961896489     -7.767103295     86.194793194      0.927366770
   15    4    2    1    0.50     93.961896489     -7.506417589     86.455478900      0.811755148
   15    4    0    1    1.00    156.042483915    -12.170755997    143.871727918      0.797221832
   15    4    1    1    1.00    156.042483915    -12.720368594    143.322115322      0.948948887
   15    4    2    1    1.00    156.042483915    -12.137633399    143.904850517      0.799567661
   15    5    2    1    0.10     60.885525585     -3.493827721     57.391697864      0.864073561
   15    5    0    1    0.28    124.153315573     -6.940895546    117.212420027      0.907768781
   15    5    1    1    0.28    124.153315573     -6.812915251    117.340400322      0.835557727
   15    5    2    1    0.28    124.153315573     -6.934311085    117.219004488      0.902638073
   15    5    0    1    0.50    187.272899224    -10.375491550    176.897407673      0.926331144
   15    5    1    1    0.50    187.272899224    -10.126786284    177.146112939      0.835264953
   15    5    2    1    0.50    187.272899224    -10.361236189    176.911663035      0.923324382
   15    5    0    1    1.00    308.930727271    -16.924947331    292.005779940      0.947331888
   15    5    1    1    1.00    308.930727271    -16.368803130    292.561924141      0.823682027
   15    5    2    1    1.00    308.930727271    -16.894003077    292.036724194      0.945889622
   15    6    1    1    0.28    221.732360479     -9.015365633    212.716994845      0.902959775
   15    6    2    1    0.28    221.732360479     -8.856019805    212.876340674      0.826952273
   15    6    0    1    0.50    331.792891283    -12.999743060    318.793148222      0.837498990
   15    6    1    1    0.50    331.792891283    -13.259722475    318.533168808      0.920798621
   15    6    2    1    0.50    331.792891283    -12.990228249    318.802663034      0.832023434
   15    6    0    1    1.00    543.809513764    -20.856002409    522.953511355      0.837031539
   15    6    1    1    1.00    543.809513764    -21.392316512    522.417197252      0.944901704
   15    6    2    1    1.00    543.809513764    -20.832584198    522.976929566      0.835401488
   15    7    1    1    0.28    366.516481464    -11.278718159    355.237763304      0.871750651
   15    7    2    1    0.28    366.516481464    -11.410874132    355.105607332      0.910354318
   15    7    1    1    0.50    543.001817907    -16.268955778    526.732862129      0.881674857
   15    7    2    1    0.50    543.001817907    -16.503260945    526.498556961      0.928044585
   15    7    0    1    1.00    882.461161627    -26.259410123    856.201751504      0.946756936
   15    7    1    1    1.00    882.461161627    -25.717328186    856.743833441      0.875008599
   15    7    2    1    1.00    882.461161627    -26.224630595    856.236531033      0.945418928