    5    2    0    1    0.10      3.666399037     -1.015973243      2.650425795      0.903313805
    5    2    1    1    0.10      3.666399037     -1.060736699      2.605662338      0.940961339
    5    2    2    1    0.10      3.666399037     -1.019179118      2.647219919      0.000000000
    5    2    0    1    0.28      7.734910553     -2.029268865      5.705641688      0.863351691
    5    2    1    1    0.28      7.734910553     -2.139161836      5.595748717      0.953332703
    5    2    2    1    0.28      7.734910553     -2.004394049      5.730516503      0.000000000
    5    2    0    1    1.00     20.331388748     -4.777609211     15.553779537      0.839372588
    5    2    1    1    1.00     20.331388748     -5.278791945     15.052596803      0.977575254
    5    2    2    1    1.00     20.331388748     -4.709158508     15.622230240      0.000000000
    5    3    0    1    0.10     13.828538337     -2.084378365     11.744159973      0.929695627
    5    3    1    1    0.10     13.828538337     -2.080331079     11.748207259      0.903073608
    5    3    2    1    0.10     13.828538337     -2.086730912     11.741807425      0.940443329
    5    3    0    1    0.28     27.211136247     -3.924934478     23.286201769      0.951769347
    5    3    1    1    0.28     27.211136247     -3.841014670     23.370121577      0.914138027
    5    3    2    1    0.28     27.211136247     -3.923966776     23.287169471      0.956294966
    5    3    0    1    1.00     67.029162077     -9.126439944     57.902722133      0.975827275
    5    3    1    1    1.00     67.029162077     -8.595430694     58.433731383      0.914598201
    5    3    2    1    1.00     67.029162077     -9.099136911     57.930025166      0.976794134
    6    2    0    1    0.10      3.596913038     -0.982418683      2.614494355      0.890023181
    6    2    1    1    0.10      3.596913038     -1.017212739      2.579700299      0.939826035
    6    2    2    1    0.10      3.596913038     -0.959301276      2.637611762      0.000000000
    6    2    0    1    0.28      7.657400979     -1.980437472      5.676963507      0.869859804
    6    2    1    1    0.28      7.657400979     -2.087951720      5.569449259      0.954150186
    6    2    2    1    0.28      7.657400979     -1.929259576      5.728141402      0.000000000
    6    2    0    1    1.00     20.273246333     -4.737427229     15.535819104      0.844019502
    6    2    1    1    1.00     20.273246333     -5.247483549     15.025762784      0.977203651
    6    2    2    1    1.00     20.273246333     -4.653584923     15.619661410      0.000000000
    6    3    0    1    0.10     13.271967606     -1.985618979     11.286348628      0.912456863
    6    3    1    1    0.10     13.271967606     -1.958750570     11.313217037      0.828647348
    6    3    2    1    0.10     13.271967606     -2.009646449     11.262321157      0.915515112
    6    3    0    1    0.28     26.601138177     -3.818273074     22.782865103      0.939880855
    6    3    1    1    0.28     26.601138177     -3.703119763     22.898018415      0.839501211
    6    3    2    1    0.28     26.601138177     -3.827703571     22.773434606      0.942135350
    6    3    0    1    1.00     66.524872461     -9.031319587     57.493552875      0.972321159
    6    3    1    1    1.00     66.524872461     -8.506082895     58.018789566      0.842331849
    6    3    2    1    1.00     66.524872461     -9.001150219     57.523722242      0.973019138
    6    4    0    1    0.10     35.153219308     -3.337400643     31.815818665      0.875872033
    6    4    1    1    0.10     35.153219308     -3.386684059     31.766535248      0.922948842
    6    4    2    1    0.10     35.153219308     -3.235739608     31.917479700      0.000000002
    6    4    0    1    0.28     67.356006264     -5.950511461     61.405494803      0.903392066
    6    4    1    1    0.28     67.356006264     -6.103806354     61.252199910      0.951744510
    6    4    2    1    0.28     67.356006264     -5.840974103     61.515032161      0.937784687
    6    4    0    1    1.00    160.592549234    -12.912972192    147.679577043      0.948548414
    6    4    1    1    1.00    160.592549234    -13.510654010    147.081895224      0.979466687
    6    4    2    1    1.00    160.592549234    -12.868301684    147.724247551      0.953024907
    7    2    0    1    0.10      3.589537715     -0.975307304      2.614230411      0.890405770
    7    2    1    1    0.10      3.589537715     -1.010811002      2.578726713      0.940634567
    7    2    2    1    0.10      3.589537715     -0.954368749      2.635168966      0.000000000
    7    2    0    1    0.28      7.649384130     -1.976022744      5.673361387      0.872303474
    7    2    1    1    0.28      7.649384130     -2.084157505      5.565226626      0.955276405
    7    2    2    1    0.28      7.649384130     -1.925035838      5.724348292      0.000000000
    7    2    0    1    1.00     20.249063612     -4.725734074     15.523329538      0.847887331
    7    2    1    1    1.00     20.249063612     -5.238662185     15.010401427      0.977927448
    7    2    2    1    1.00     20.249063612     -4.638831161     15.610232452      0.000000000
    7    3    0    1    0.10     12.771860881     -1.889726460     10.882134421      0.918135922
    7    3    1    1    0.10     12.771860881     -1.853378829     10.918482052      0.870394800
    7    3    2    1    0.10     12.771860881     -1.898152391     10.873708490      0.890317168
    7    3    0    1    0.28     26.028089925     -3.684701014     22.343388911      0.945463349
    7    3    1    1    0.28     26.028089925     -3.565623015     22.462466910      0.875629447
    7    3    2    1    0.28     26.028089925     -3.673675002     22.354414923      0.934775358
    7    3    0    1    1.00     66.048031465     -8.893154469     57.154876996      0.974246167
    7    3    1    1    1.00     66.048031465     -8.356636957     57.691394508      0.869616587
    7    3    2    1    1.00     66.048031465     -8.846560160     57.201471306      0.972016798
    7    4    0    1    0.28     65.490858054     -5.607658305     59.883199749      0.862054806
    7    4    1    1    0.28     65.490858054     -5.815129959     59.675728094      0.954238285
    7    4    2    1    0.28     65.490858054     -5.567588809     59.923269245      0.806525579
    7    4    0    1    1.00    158.838121006    -12.648071270    146.190049736      0.824261031
    7    4    1    1    1.00    158.838121006    -13.280717446    145.557403559      0.973494805
    7    4    2    1    1.00    158.838121006    -12.622741472    146.215379534      0.827975608
    7    5    0    1    0.28    138.324291500     -8.634741453    129.689550047      0.959156150
    7    5    1    1    0.28    138.324291500     -8.517103627    129.807187874      0.903432006
    7    5    2    1    0.28    138.324291500     -8.642282237    129.682009263      0.943112810
    7    5    0    1    1.00    321.707270507    -18.607786475    303.099484032      0.980415353
    7    5    1    1    1.00    321.707270507    -17.935437397    303.771833110      0.955935362
    7    5    2    1    1.00    321.707270507    -18.537798732    303.169471775      0.979983328
    8    2    0    1    0.10      3.585321880     -0.970570171      2.614751709      0.887124523
    8    2    1    1    0.10      3.585321880     -1.006396948      2.578924932      0.937890909
    8    2    2    1    0.10      3.585321880     -0.947383436      2.637938444      0.000000000
    8    2    0    1    0.28      7.644570443     -1.973288601      5.671281843      0.873292939
    8    2    1    1    0.28      7.644570443     -2.081999604      5.562570839      0.955689775
    8    2    2    1    0.28      7.644570443     -1.921604671      5.722965772      0.000000000
    8    2    0    1    1.00     20.233838934     -4.718596931     15.515242003      0.849856605
    8    2    1    1    1.00     20.233838934     -5.233381264     15.000457670      0.978367820
    8    2    2    1    1.00     20.233838934     -4.629779842     15.604059092      0.000000000
    8    3    0    1    0.10     12.553067254     -1.830900567     10.722166687      0.928708579
    8    3    1    1    0.10     12.553067254     -1.782598842     10.770468412      0.878159517
    8    3    2    1    0.10     12.553067254     -1.830735880     10.722331374      0.916446945
    8    3    0    1    0.28     25.876483339     -3.636122068     22.240361271      0.950005088
    8    3    1    1    0.28     25.876483339     -3.508772319     22.367711020      0.879475352
    8    3    2    1    0.28     25.876483339     -3.623122017     22.253361322      0.943186657
    8    3    0    1    1.00     65.970931497     -8.874737068     57.096194429      0.974961088
    8    3    1    1    1.00     65.970931497     -8.331874815     57.639056682      0.872971153
    8    3    2    1    1.00     65.970931497     -8.826506257     57.144425240      0.973032483
    8    4    0    1    0.10     32.230965293     -2.879832520     29.351132773      0.905912994
    8    4    1    1    0.10     32.230965293     -2.908988064     29.321977229      0.930437967
    8    4    2    1    0.10     32.230965293     -2.881077762     29.349887531      0.901684941
    8    4    0    1    0.28     63.772213432     -5.408448971     58.363764461      0.914087524
    8    4    1    1    0.28     63.772213432     -5.509936330     58.262277102      0.949826302
    8    4    2    1    0.28     63.772213432     -5.398309599     58.373903832      0.909494024
    8    4    0    1    1.00    157.035289795    -12.404276892    144.631012903      0.908215010
    8    4    1    1    1.00    157.035289795    -12.919496446    144.115793349      0.972606890
    8    4    2    1    1.00    157.035289795    -12.363657881    144.671631914      0.905293273
    8    5    0    1    1.00    316.936396861    -18.125052248    298.811344614      0.975795619
    8    5    1    1    1.00    316.936396861    -17.390856207    299.545540655      0.000000007
    8    5    2    1    1.00    316.936396861    -18.052522561    298.883874301      0.976341793
    9    2    0    1    0.10      3.584605583     -0.970239910      2.614365673      0.887573741
    9    2    1    1    0.10      3.584605583     -1.006001560      2.578604023      0.938207091
    9    2    2    1    0.10      3.584605583     -0.946884609      2.637720974      0.000000000
    9    2    0    1    0.28      7.641346459     -1.971827940      5.669518519      0.874188237
    9    2    1    1    0.28      7.641346459     -2.080813219      5.560533240      0.956222710
    9    2    2    1    0.28      7.641346459     -1.919909264      5.721437195      0.000000000
    9    2    0    1    1.00     20.223511443     -4.713780967     15.509730476      0.851149344
    9    2    1    1    1.00     20.223511443     -5.229822613     14.993688830      0.978655490
    9    2    2    1    1.00     20.223511443     -4.623805372     15.599706071      0.000000000
    9    3    0    1    0.10     12.423249056     -1.784706627     10.638542430      0.932253340
    9    3    1    1    0.10     12.423249056     -1.745460449     10.677788607      0.888886439
    9    3    2    1    0.10     12.423249056     -1.783069242     10.640179814      0.919282581
    9    3    0    1    0.28     25.778013625     -3.590106014     22.187907611      0.952724137
    9    3    1    1    0.28     25.778013625     -3.471000892     22.307012733      0.888053107
    9    3    2    1    0.28     25.778013625     -3.579937706     22.198075919      0.946498602
    9    3    0    1    1.00     65.919974148     -8.859989778     57.059984370      0.974976480
    9    3    1    1    1.00     65.919974148     -8.314693478     57.605280670      0.875636563
    9    3    2    1    1.00     65.919974148     -8.813331374     57.106642774      0.973342621
    9    4    0    1    0.10     31.540454005     -2.768640372     28.771813633      0.877244224
    9    4    1    1    0.10     31.540454005     -2.822331740     28.718122266      0.925143189
    9    4    2    1    0.10     31.540454005     -2.774557789     28.765896216      0.851081087
    9    4    0    1    0.28     63.120468028     -5.285304531     57.835163498      0.882829966
    9    4    1    1    0.28     63.120468028     -5.425365117     57.695102912      0.943979908
    9    4    2    1    0.28     63.120468028     -5.285801715     57.834666313      0.867534972
    9    4    0    1    1.00    156.673484652    -12.335057849    144.338426803      0.882737751
    9    4    1    1    1.00    156.673484652    -12.862017755    143.811466898      0.971932968
    9    4    2    1    1.00    156.673484652    -12.302321126    144.371163527      0.882157972
    9    5    0    1    0.10     67.077665410     -4.206991926     62.870673484      0.934850968
    9    5    1    1    0.10     67.077665410     -4.135092057     62.942573353      0.897394240
    9    5    2    1    0.10     67.077665410     -4.180856289     62.896809121      0.918777878
    9    5    0    1    0.28    129.864022922     -7.705120394    122.158902528      0.954734199
    9    5    1    1    0.28    129.864022922     -7.528380973    122.335641949      0.924611394
    9    5    2    1    0.28    129.864022922     -7.647741630    122.216281292      0.949499098
    9    5    0    1    1.00    312.268213589    -17.427183586    294.841030002      0.976017235
    9    5    1    1    1.00    312.268213589    -16.849221850    295.418991739      0.938207335
    9    5    2    1    1.00    312.268213589    -17.353011979    294.915201610      0.974583321
   10    2    0    1    0.10      3.584127992     -0.969972871      2.614155122      0.887694346
   10    2    1    1    0.10      3.584127992     -1.005777019      2.578350973      0.938401509
   10    2    2    1    0.10      3.584127992     -0.946547120      2.637580872      0.000000000
   10    2    0    1    0.28      7.639037366     -1.970776003      5.668261363      0.874841128
   10    2    1    1    0.28      7.639037366     -2.079962271      5.559075095      0.956592295
   10    2    2    1    0.28      7.639037366     -1.918672590      5.720364775      0.000000000
   10    2    0    1    1.00     20.216127782     -4.710366726     15.505761056      0.852015293
   10    2    1    1    1.00     20.216127782     -5.227342165     14.988785616      0.978854098
   10    2    2    1    1.00     20.216127782     -4.619593376     15.596534406      0.000000000
   10    3    0    1    0.10     12.388661254     -1.768562607     10.620098646      0.932573864
   10    3    1    1    0.10     12.388661254     -1.727370323     10.661290931      0.892058898
   10    3    2    1    0.10     12.388661254     -1.767587510     10.621073744      0.924301930
   10    3    0    1    0.28     25.763445064     -3.585102021     22.178343043      0.953118089
   10    3    1    1    0.28     25.763445064     -3.465127128     22.298317935      0.889519777
   10    3    2    1    0.28     25.763445064     -3.574828069     22.188616995      0.947283863
   10    3    0    1    1.00     65.887964883     -8.854300181     57.033664702      0.975375929
   10    3    1    1    1.00     65.887964883     -8.307217243     57.580747640      0.877725308
   10    3    2    1    1.00     65.887964883     -8.807160049     57.080804835      0.973803003
   10    4    0    1    0.10     30.917250070     -2.693558096     28.223691973      0.896444522
   10    4    1    1    0.10     30.917250070     -2.732174093     28.185075976      0.922855305
   10    4    2    1    0.10     30.917250070     -2.695157224     28.222092845      0.878513513
   10    4    0    1    0.28     62.523369479     -5.195217744     57.328151735      0.900123725
   10    4    1    1    0.28     62.523369479     -5.313638012     57.209731467      0.945632950
   10    4    2    1    0.28     62.523369479     -5.186310747     57.337058733      0.891972433
   10    4    0    1    1.00    156.365861632    -12.262497270    144.103364361      0.893177383
   10    4    1    1    1.00    156.365861632    -12.785188392    143.580673240      0.972922025
   10    4    2    1    1.00    156.365861632    -12.228805697    144.137055934      0.894368628
   10    5    0    1    0.28    128.046099042     -7.497950671    120.548148372      0.952980204
   10    5    1    1    0.28    128.046099042     -7.286540119    120.759558923      0.895009592
   10    5    2    1    0.28    128.046099042     -7.468576608    120.577522434      0.950116755
   10    5    0    1    1.00    311.001690034    -17.286895315    293.714794719      0.972163201
   10    5    1    1    1.00    311.001690034    -16.678410021    294.323280013      0.884651695
   10    5    2    1    1.00    311.001690034    -17.235861692    293.765828342      0.971377682
   10    6    0    1    0.28    234.748295499    -10.053174628    224.695120871      0.931795966
   10    6    1    1    0.28    234.748295499    -10.185559498    224.562736002      0.957036047
   10    6    2    1    0.28    234.748295499    -10.001389103    224.746906396      0.917203224
   10    6    0    1    1.00    553.129231041    -21.843006964    531.286224076      0.954326415
   10    6    1    1    1.00    553.129231041    -22.421649706    530.707581335      0.977544076
   10    6    2    1    1.00    553.129231041    -21.748172814    531.381058226      0.953934615
   11    2    0    1    0.10      3.583761204     -0.969824871      2.613936333      0.887949115
   11    2    1    1    0.10      3.583761204     -1.005640186      2.578121018      0.938620564
   11    2    2    1    0.10      3.583761204     -0.946376148      2.637385055      0.000000000
   11    2    0    1    0.28      7.637323487     -1.970001831      5.667321656      0.875293052
   11    2    1    1    0.28      7.637323487     -2.079346586      5.557976900      0.956862267
   11    2    2    1    0.28      7.637323487     -1.917773003      5.719550483      0.000000000
   11    2    0    1    1.00     20.210574144     -4.707777257     15.502796887      0.852630537
   11    2    1    1    1.00     20.210574144     -5.225477141     14.985097003      0.979002515
   11    2    2    1    1.00     20.210574144     -4.616444789     15.594129355      0.000000000
   11    3    0    1    0.10     12.366445160     -1.755084775     10.611360385      0.933327295
   11    3    1    1    0.10     12.366445160     -1.716752370     10.649692789      0.891096690
   11    3    2    1    0.10     12.366445160     -1.754617166     10.611827994      0.924974384
   11    3    0    1    0.28     25.753494716     -3.581400744     22.172093972      0.953399552
   11    3    1    1    0.28     25.753494716     -3.461076074     22.292418642      0.890053370
   11    3    2    1    0.28     25.753494716     -3.571014596     22.182480120      0.947621342
   11    3    0    1    1.00     65.865343252     -8.850237636     57.015105616      0.975643391
   11    3    1    1    1.00     65.865343252     -8.302108833     57.563234419      0.878946784
   11    3    2    1    1.00     65.865343252     -8.803129864     57.062213388      0.974105045
   11    4    0    1    0.10     30.597980960     -2.628205191     27.969775769      0.895879828
   11    4    1    1    0.10     30.597980960     -2.679822983     27.918157977      0.927090513
   11    4    2    1    0.10     30.597980960     -2.630426259     27.967554701      0.865936087
   11    4    0    1    0.28     62.334012522     -5.142432280     57.191580242      0.900208108
   11    4    1    1    0.28     62.334012522     -5.271963470     57.062049053      0.948008461
   11    4    2    1    0.28     62.334012522     -5.137154831     57.196857692      0.890470433
   11    4    0    1    1.00    156.290558854    -12.248516035    144.042042819      0.895585783
   11    4    1    1    1.00    156.290558854    -12.774602421    143.515956433      0.973343123
   11    4    2    1    1.00    156.290558854    -12.214875005    144.075683850      0.896530070
   11    5    0    1    0.10     63.835742386     -3.833268263     60.002474122      0.936501844
   11    5    1    1    0.10     63.835742386     -3.789639139     60.046103246      0.910712157
   11    5    2    1    0.10     63.835742386     -3.824839706     60.010902680      0.927725443
   11    5    0    1    0.28    126.327142039     -7.258175771    119.068966268      0.951494964
   11    5    1    1    0.28    126.327142039     -7.145029252    119.182112786      0.919333396
   11    5    2    1    0.28    126.327142039     -7.248708965    119.078433074      0.948809569
   11    5    0    1    1.00    309.745589178    -17.060876033    292.684713145      0.972103285
   11    5    1    1    1.00    309.745589178    -16.533887401    293.211701777      0.914270933
   11    5    2    1    1.00    309.745589178    -17.034621148    292.710968031      0.971599778
   11    6    0    1    1.00    549.707771469    -21.431889200    528.275882269      0.872040286
   11    6    1    1    1.00    549.707771469    -22.143808706    527.563962763      0.973918182
   11    6    2    1    1.00    549.707771469    -21.419259808    528.288511661      0.000000000
   11    7    0    1    1.00    903.410205843    -28.030110010    875.380095833      0.979124674
   11    7    1    1    1.00    903.410205843    -27.367239403    876.042966440      0.959071464
   11    7    2    1    1.00    903.410205843    -27.921156610    875.489049233      0.978246409
   12    2    0    1    0.10      3.583478770     -0.969707553      2.613771217      0.888137004
   12    2    1    1    0.10      3.583478770     -1.005534122      2.577944648      0.938782547
   12    2    2    1    0.10      3.583478770     -0.946241166      2.637237604      0.000000000
   12    2    0    1    0.28      7.636000647     -1.969404079      5.666596568      0.875639595
   12    2    1    1    0.28      7.636000647     -2.078874684      5.557125963      0.957069393
   12    2    2    1    0.28      7.636000647     -1.917083245      5.718917402      0.000000000
   12    2    0    1    1.00     20.206257122     -4.705761267     15.500495855      0.853098225
   12    2    1    1    1.00     20.206257122     -5.224040406     14.982216716      0.979115937
   12    2    2    1    1.00     20.206257122     -4.614009350     15.592247772      0.000000000
   12    3    0    1    0.10     12.362796749     -1.752583509     10.610213240      0.933195149
   12    3    1    1    0.10     12.362796749     -1.714345461     10.648451287      0.891465390
   12    3    2    1    0.10     12.362796749     -1.752326975     10.610469773      0.925183297
   12    3    0    1    0.28     25.747564469     -3.580282441     22.167282028      0.953759933
   12    3    1    1    0.28     25.747564469     -3.459738018     22.287826451      0.890750882
   12    3    2    1    0.28     25.747564469     -3.569799399     22.177765070      0.948069983
   12    3    0    1    1.00     65.848352733     -8.847348499     57.001004234      0.975838050
   12    3    1    1    1.00     65.848352733     -8.298389015     57.549963719      0.879823704
   12    3    2    1    1.00     65.848352733     -8.800098630     57.048254103      0.974324253
   12    4    0    1    0.10     30.359198281     -2.588692701     27.770505580      0.901662122
   12    4    1    1    0.10     30.359198281     -2.629412626     27.729785655      0.928253219
   12    4    2    1    0.10     30.359198281     -2.588026619     27.771171663      0.884284500
   12    4    0    1    0.28     62.194760087     -5.108235051     57.086525036      0.905625516
   12    4    1    1    0.28     62.194760087     -5.227092277     56.967667810      0.950647199
   12    4    2    1    0.28     62.194760087     -5.101889980     57.092870107      0.898661232
   12    4    0    1    1.00    156.236252384    -12.238715940    143.997536444      0.897205454
   12    4    1    1    1.00    156.236252384    -12.766352849    143.469899536      0.973520919
   12    4    2    1    1.00    156.236252384    -12.205035336    144.031217048      0.897998022
   12    5    0    1    0.10     62.938796184     -3.743373123     59.195423061      0.932829109
   12    5    1    1    0.10     62.938796184     -3.684979896     59.253816288      0.890801207
   12    5    2    1    0.10     62.938796184     -3.742469517     59.196326667      0.926891158
   12    5    0    1    0.28    125.573974277     -7.179613158    118.394361119      0.947487065
   12    5    1    1    0.28    125.573974277     -7.033592754    118.540381523      0.899741280
   12    5    2    1    0.28    125.573974277     -7.174633050    118.399341227      0.944542938
   12    5    0    1    1.00    309.454937727    -17.024119062    292.430818665      0.972145439
   12    5    1    1    1.00    309.454937727    -16.485252602    292.969685125      0.904684535
   12    5    2    1    1.00    309.454937727    -16.995819766    292.459117960      0.971546968
   12    6    0    1    0.28    226.838303790     -9.358673107    217.479630683      0.930464110
   12    6    1    1    0.28    226.838303790     -9.503044014    217.335259776      0.954176793
   12    6    2    1    0.28    226.838303790     -9.331513037    217.506790753      0.930039869
   12    6    0    1    1.00    546.280474348    -21.174875583    525.105598765      0.935649584
   12    6    1    1    1.00    546.280474348    -21.701749473    524.578724874      0.973703338
   12    6    2    1    1.00    546.280474348    -21.150392959    525.130081389      0.935390195
   13    2    0    1    0.10      3.583255710     -0.969615064      2.613640646      0.888287756
   13    2    1    1    0.10      3.583255710     -1.005451798      2.577803912      0.938910541
   13    2    2    1    0.10      3.583255710     -0.946135265      2.637120445      0.000000000
   13    2    0    1    0.28      7.634951789     -1.968928501      5.666023288      0.875904509
   13    2    1    1    0.28      7.634951789     -2.078503774      5.556448015      0.957231053
   13    2    2    1    0.28      7.634951789     -1.916539537      5.718412252      0.000000000
   13    2    0    1    1.00     20.202805967     -4.704143677     15.498662289      0.853458885
   13    2    1    1    1.00     20.202805967     -5.222896597     14.979909370      0.979206051
   13    2    2    1    1.00     20.202805967     -4.612071520     15.590734446      0.000000000
   13    3    0    1    0.10     12.352553224     -1.741387963     10.611165261      0.908685588
   13    3    1    1    0.10     12.352553224     -1.716789588     10.635763636      0.871427272
   13    3    2    1    0.10     12.352553224     -1.744603296     10.607949927      0.911911015
   13    3    0    1    0.28     25.743082622     -3.579463578     22.163619043      0.954033760
   13    3    1    1    0.28     25.743082622     -3.458755108     22.284327513      0.891266760
   13    3    2    1    0.28     25.743082622     -3.568919314     22.174163307      0.948406441
   13    3    0    1    1.00     65.835335846     -8.845157177     56.990178669      0.975984987
   13    3    1    1    1.00     65.835335846     -8.295577807     57.539758039      0.880458656
   13    3    2    1    1.00     65.835335846     -8.797850134     57.037485712      0.974487334
   13    4    0    1    0.10     30.263019485     -2.558810257     27.704209229      0.903255527
   13    4    1    1    0.10     30.263019485     -2.604774992     27.658244493      0.929838461
   13    4    2    1    0.10     30.263019485     -2.559366960     27.703652525      0.885207684
   13    4    0    1    0.28     62.167502797     -5.099040724     57.068462073      0.906730098
   13    4    1    1    0.28     62.167502797     -5.219470332     56.948032465      0.951011904
   13    4    2    1    0.28     62.167502797     -5.093109701     57.074393096      0.899731018
   13    4    0    1    1.00    156.196938050    -12.233528063    143.963409987      0.898432056
   13    4    1    1    1.00    156.196938050    -12.762119652    143.434818398      0.973787605
   13    4    2    1    1.00    156.196938050    -12.199663057    143.997274993      0.899191978
   13    5    0    1    0.10     62.112734297     -3.652176317     58.460557980      0.930649823
   13    5    1    1    0.10     62.112734297     -3.613780851     58.498953446      0.903386208
   13    5    2    1    0.10     62.112734297     -3.650799635     58.461934662      0.923639854
   13    5    0    1    0.28    124.879695886     -7.079135836    117.800560050      0.948651314
   13    5    1    1    0.28    124.879695886     -6.957366672    117.922329214      0.910629610
   13    5    2    1    0.28    124.879695886     -7.070930934    117.808764952      0.944998212
   13    5    0    1    1.00    309.216876450    -16.978140291    292.238736159      0.973023072
   13    5    1    1    1.00    309.216876450    -16.441714914    292.775161536      0.910106342
   13    5    2    1    1.00    309.216876450    -16.946413537    292.270462913      0.972156403
   13    6    0    1    0.28    224.868329152     -9.145651457    215.722677695      0.913771248
   13    6    1    1    0.28    224.868329152     -9.336914880    215.531414272      0.952565660
   13    6    2    1    0.28    224.868329152     -9.127838269    215.740490883      0.908165640
   13    6    0    1    1.00    545.251704114    -21.047240296    524.204463818      0.907951354
   13    6    1    1    1.00    545.251704114    -21.610440539    523.641263575      0.971627690
   13    6    2    1    1.00    545.251704114    -21.026222154    524.225481960      0.907348486
   13    7    0    1    1.00    888.290952738    -26.793754074    861.497198664      0.975901065
   13    7    1    1    1.00    888.290952738    -26.224881898    862.066070840      0.951338764
   13    7    2    1    1.00    888.290952738    -26.755733695    861.535219043      0.975852239
   14    2    0    1    0.10      3.583074500     -0.969539632      2.613534868      0.888408981
   14    2    1    1    0.10      3.583074500     -1.005385340      2.577689160      0.939013829
   14    2    2    1    0.10      3.583074500     -0.946049806      2.637024694      0.000000000
   14    2    0    1    0.28      7.634100180     -1.968541409      5.665558771      0.876115479
   14    2    1    1    0.28      7.634100180     -2.078204095      5.555896085      0.957361252
   14    2    2    1    0.28      7.634100180     -1.916099610      5.718000569      0.000000000
   14    2    0    1    1.00     20.199985546     -4.702818725     15.497166821      0.853748787
   14    2    1    1    1.00     20.199985546     -5.221966010     14.978019536      0.979279144
   14    2    2    1    1.00     20.199985546     -4.610493328     15.589492218      0.000000000
   14    3    0    1    0.10     12.365548318     -1.745452603     10.620095715      0.917114254
   14    3    1    1    0.10     12.365548318     -1.713132388     10.652415930      0.877642980
   14    3    2    1    0.10     12.365548318     -1.742342449     10.623205868      0.912708551
   14    3    0    1    0.28     25.739579536     -3.578825619     22.160753917      0.954243035
   14    3    1    1    0.28     25.739579536     -3.457985508     22.281594028      0.891654874
   14    3    2    1    0.28     25.739579536     -3.568236956     22.171342580      0.948664519
   14    3    0    1    1.00     65.825017848     -8.843446696     56.981571152      0.976098896
   14    3    1    1    1.00     65.825017848     -8.293359025     57.531658823      0.880932510
   14    3    2    1    1.00     65.825017848     -8.796082364     57.028935485      0.974613683
   14    4    0    1    0.10     30.206021452     -2.520537612     27.685483840      0.863605211
   14    4    1    1    0.10     30.206021452     -2.571492063     27.634529390      0.900294034
   14    4    2    1    0.10     30.206021452     -2.547350995     27.658670457      0.851611162
   14    4    0    1    0.28     62.147615482     -5.092842210     57.054773272      0.907213091
   14    4    1    1    0.28     62.147615482     -5.212669453     56.934946029      0.951404316
   14    4    2    1    0.28     62.147615482     -5.086843779     57.060771702      0.900375596
   14    4    0    1    1.00    156.167060885    -12.229659358    143.937401527      0.899219836
   14    4    1    1    1.00    156.167060885    -12.758962078    143.408098807      0.973975680
   14    4    2    1    1.00    156.167060885    -12.195729271    143.971331614      0.899961669
   14    5    0    1    0.10     61.634660979     -3.598593062     58.036067917      0.930553745
   14    5    1    1    0.10     61.634660979     -3.547873726     58.086787253      0.896843278
   14    5    2    1    0.10     61.634660979     -3.599769949     58.034891030      0.923760701
   14    5    0    1    0.28    124.621375561     -7.038055663    117.583319899      0.949273696
   14    5    1    1    0.28    124.621375561     -6.904000069    117.717375492      0.908435248
   14    5    2    1    0.28    124.621375561     -7.030668908    117.590706653      0.946281270
   14    5    0    1    1.00    309.137285020    -16.970659341    292.166625679      0.973266320
   14    5    1    1    1.00    309.137285020    -16.432393749    292.704891271      0.911572170
   14    5    2    1    1.00    309.137285020    -16.939007639    292.198277381      0.972466349
   14    6    0    1    0.10    112.838463428     -4.785488873    108.052974555      0.917605034
   14    6    1    1    0.10    112.838463428     -4.831925395    108.006538033      0.936858331
   14    6    2    1    0.10    112.838463428     -4.777214676    108.061248752      0.911843617
   14    6    0    1    0.28    222.990161436     -9.018716725    213.971444711      0.926261603
   14    6    1    1    0.28    222.990161436     -9.132923386    213.857238050      0.952358631
   14    6    2    1    0.28    222.990161436     -9.009840493    213.980320943      0.923861459
   14    6    0    1    1.00    544.263441567    -20.950517619    523.312923948      0.923210036
   14    6    1    1    1.00    544.263441567    -21.461421819    522.802019748      0.972154059
   14    6    2    1    1.00    544.263441567    -20.924272480    523.339169087      0.922014628
   14    7    0    1    1.00    885.484804643    -26.605715883    858.879088760      0.973175194
   14    7    1    1    1.00    885.484804643    -25.936075882    859.548728761      0.908242086
   14    7    2    1    1.00    885.484804643    -26.569215903    858.915588740      0.973005409
   15    2    0    1    0.10      3.582924880     -0.969477097      2.613447782      0.888507765
   15    2    1    1    0.10      3.582924880     -1.005330748      2.577594132      0.939098231
   15    2    2    1    0.10      3.582924880     -0.945979209      2.636945670      0.000000000
   15    2    0    1    0.28      7.633395745     -1.968220362      5.665175383      0.876287011
   15    2    1    1    0.28      7.633395745     -2.077957536      5.555438209      0.957468128
   15    2    2    1    0.28      7.633395745     -1.915737226      5.717658519      0.000000000
   15    2    0    1    1.00     20.197639062     -4.701714437     15.495924625      0.853984444
   15    2    1    1    1.00     20.197639062     -5.221194910     14.976444151      0.979339591
   15    2    2    1    1.00     20.197639062     -4.609185136     15.588453925      0.000000000
   15    3    0    1    0.10     12.342208477     -1.751943620     10.590264857      0.939137837
   15    3    1    1    0.10     12.342208477     -1.706561105     10.635647372      0.888170250
   15    3    2    1    0.10     12.342208477     -1.747297440     10.594911037      0.924471668
   15    3    0    1    0.28     25.736777088     -3.578320311     22.158456776      0.954409545
   15    3    1    1    0.28     25.736777088     -3.457374829     22.279402259      0.891955073
   15    3    2    1    0.28     25.736777088     -3.567700771     22.169076317      0.948866557
   15    3    0    1    1.00     65.816641792     -8.842068916     56.974572876      0.976190439
   15    3    1    1    1.00     65.816641792     -8.291562937     57.525078856      0.881309628
   15    3    2    1    1.00     65.816641792     -8.794665363     57.021976429      0.974715073
   15    4    0    1    0.28     62.138335654     -5.091437155     57.046898499      0.907728773
   15    4    1    1    0.28     62.138335654     -5.211398854     56.926936800      0.951675468
   15    4    2    1    0.28     62.138335654     -5.085347358     57.052988296      0.900937660
   15    4    0    1    1.00    156.143333021    -12.226703972    143.916629050      0.899827630
   15    4    1    1    1.00    156.143333021    -12.756503448    143.386829574      0.974123849
   15    4    2    1    1.00    156.143333021    -12.192697512    143.950635509      0.900551721
   15    5    0    1    0.10     61.232100748     -3.543812645     57.688288103      0.930977100
   15    5    1    1    0.10     61.232100748     -3.503820194     57.728280554      0.903772873
   15    5    2    1    0.10     61.232100748     -3.543363086     57.688737662      0.923882500
   15    5    0    1    0.28    124.414906754     -6.990162943    117.424743811      0.951426444
   15    5    1    1    0.28    124.414906754     -6.868725903    117.546180851      0.913518105
   15    5    2    1    0.28    124.414906754     -6.982971631    117.431935124      0.948737735
   15    5    0    1    1.00    309.076628522    -16.964598522    292.112030000      0.973409202
   15    5    1    1    1.00    309.076628522    -16.425693422    292.650935100      0.912581459
   15    5    2    1    1.00    309.076628522    -16.933351643    292.143276879      0.972660332
   15    6    0    1    0.28    222.074211865     -8.908601274    213.165610591      0.913795399
   15    6    1    1    0.28    222.074211865     -9.056819797    213.017392067      0.949061459
   15    6    2    1    0.28    222.074211865     -8.902841236    213.171370629      0.908430121
   15    6    0    1    1.00    544.005388545    -20.912984694    523.092403850      0.918924959
   15    6    1    1    1.00    544.005388545    -21.434193394    522.571195151      0.972263479
   15    6    2    1    1.00    544.005388545    -20.888704674    523.116683871      0.917904496
   15    7    0    1    0.28    366.821562394    -11.469963166    355.351599228      0.955604879
   15    7    1    1    0.28    366.821562394    -11.318248437    355.503313958      0.934075549
   15    7    2    1    0.28    366.821562394    -11.445822890    355.375739504      0.953889200
   15    7    0    1    1.00    882.676622257    -26.291933024    856.384689233      0.973368021
   15    7    1    1    1.00    882.676622257    -25.762542543    856.914079715      0.937516837
   15    7    2    1    1.00    882.676622257    -26.256732663    856.419889595      0.972672070
   16    2    0    1    0.10      3.582799341     -0.969424464      2.613374878      0.888590019
   16    2    1    1    0.10      3.582799341     -1.005285202      2.577514139      0.939168693
   16    2    2    1    0.10      3.582799341     -0.945920186      2.636879156      0.000000000
   16    2    0    1    0.28      7.632803430     -1.967949780      5.664853650      0.876428856
   16    2    1    1    0.28      7.632803430     -2.077750937      5.555052493      0.957557446
   16    2    2    1    0.28      7.632803430     -1.915433325      5.717370104      0.000000000
   16    2    0    1    1.00     20.195657366     -4.700780338     15.494877028      0.854180411
   16    2    1    1    1.00     20.195657366     -5.220545756     14.975111610      0.979390402
   16    2    2    1    1.00     20.195657366     -4.608083501     15.587573865      0.000000000
   16    3    0    1    0.10     12.357938186     -1.749934955     10.608003231      0.932574773
   16    3    1    1    0.10     12.357938186     -1.712456955     10.645481231      0.891350779
   16    3    2    1    0.10     12.357938186     -1.750059112     10.607879074      0.925336554
   16    3    0    1    0.28     25.734484392     -3.577911049     22.156573343      0.954544825
   16    3    1    1    0.28     25.734484392     -3.456878163     22.277606229      0.892195037
   16    3    2    1    0.28     25.734484392     -3.567268491     22.167215900      0.949030241
   16    3    0    1    1.00     65.809710005     -8.840936088     56.968773917      0.976265517
   16    3    1    1    1.00     65.809710005     -8.290080330     57.519629675      0.881611399
   16    3    2    1    1.00     65.809710005     -8.793503500     57.016206505      0.974797982
   16    4    0    1    0.28     62.131158240     -5.090422824     57.040735416      0.908085509
   16    4    1    1    0.28     62.131158240     -5.210499395     56.920658845      0.951898230
   16    4    2    1    0.28     62.131158240     -5.084259848     57.046898392      0.901333032
   16    4    0    1    1.00    156.124311135    -12.224369975    143.899941160      0.900284258
   16    4    1    1    1.00    156.124311135    -12.754570557    143.369740579      0.974239529
   16    4    2    1    1.00    156.124311135    -12.190308107    143.934003029      0.901000248
   16    5    0    1    0.28    124.362959799     -6.978537897    117.384421902      0.951637114
   16    5    1    1    0.28    124.362959799     -6.854546367    117.508413432      0.914349318
   16    5    2    1    0.28    124.362959799     -6.971679902    117.391279897      0.949246327
   16    5    0    1    1.00    309.029966204    -16.961319079    292.068647125      0.973590886
   16    5    1    1    1.00    309.029966204    -16.421711651    292.608254553      0.913342478
   16    5    2    1    1.00    309.029966204    -16.929919455    292.100046749      0.972857826
   16    6    0    1    0.10    110.560824905     -4.589917195    105.970907710      0.898675234
   16    6    1    1    0.10    110.560824905     -4.634508752    105.926316154      0.910758847
   16    6    2    1    0.10    110.560824905     -4.609667145    105.951157760      0.907343754
   16    6    0    1    0.28    221.218796810     -8.839311450    212.379485360      0.920230725
   16    6    1    1    0.28    221.218796810     -8.956331079    212.262465730      0.949530932
   16    6    2    1    0.28    221.218796810     -8.832295119    212.386501691      0.916675394
   16    6    0    1    1.00    543.795311532    -20.883046280    522.912265252      0.921925258
   16    6    1    1    1.00    543.795311532    -21.400485808    522.394825724      0.972854381
   16    6    2    1    1.00    543.795311532    -20.859100702    522.936210831      0.921338083
   16    7    0    1    1.00    881.772653386    -26.219453709    855.553199677      0.971974113
   16    7    1    1    1.00    881.772653386    -25.660658997    856.111994389      0.921418992
   16    7    2    1    1.00    881.772653386    -26.190236615    855.582416771      0.971537878
   17    2    0    1    0.10      3.582692587     -0.969379596      2.613312991      0.888659378
   17    2    1    1    0.10      3.582692587     -1.005246639      2.577445948      0.939228292
   17    2    2    1    0.10      3.582692587     -0.945870140      2.636822447      0.000000000
   17    2    0    1    0.28      7.632298904     -1.967718907      5.664579997      0.876548140
   17    2    1    1    0.28      7.632298904     -2.077575626      5.554723278      0.957633136
   17    2    2    1    0.28      7.632298904     -1.915175195      5.717123709      0.000000000
   17    2    0    1    1.00     20.193962400     -4.699980351     15.493982049      0.854345219
   17    2    1    1    1.00     20.193962400     -5.219992226     14.973970174      0.979433662
   17    2    2    1    1.00     20.193962400     -4.607143848     15.586818552      0.000000000
   17    3    0    1    0.10     12.357796482     -1.750254684     10.607541798      0.934265468
   17    3    1    1    0.10     12.357796482     -1.711820932     10.645975550      0.891294284
   17    3    2    1    0.10     12.357796482     -1.749860911     10.607935571      0.925604243
   17    3    0    1    0.28     25.732573296     -3.577571890     22.155001407      0.954657191
   17    3    1    1    0.28     25.732573296     -3.456466043     22.276107254      0.892390857
   17    3    2    1    0.28     25.732573296     -3.566912101     22.165661196      0.949165044
   17    3    0    1    1.00     65.803876736     -8.839988311     56.963888425      0.976328206
   17    3    1    1    1.00     65.803876736     -8.288834805     57.515041932      0.881860721
   17    3    2    1    1.00     65.803876736     -8.792533456     57.011343281      0.974867229
   17    4    0    1    0.28     62.125401760     -5.089690892     57.035710868      0.908392854
   17    4    1    1    0.28     62.125401760     -5.209853159     56.915548601      0.952082473
   17    4    2    1    0.28     62.125401760     -5.083482736     57.041919023      0.901671546
   17    4    0    1    1.00    156.108678966    -12.222473733    143.886205233      0.900639875
   17    4    1    1    1.00    156.108678966    -12.753003992    143.355674974      0.974332855
   17    4    2    1    1.00    156.108678966    -12.188362842    143.920316123      0.901349147
   17    5    0    1    0.28    124.323185216     -6.966879396    117.356305820      0.952264666
   17    5    1    1    0.28    124.323185216     -6.845092451    117.478092765      0.915078205
   17    5    2    1    0.28    124.323185216     -6.960250966    117.362934250      0.949965647
   17    5    0    1    1.00    308.992815307    -16.958718803    292.034096504      0.973726241
   17    5    1    1    1.00    308.992815307    -16.418599644    292.574215663      0.913874549
   17    5    2    1    1.00    308.992815307    -16.927297274    292.065518032      0.973003734
   17    6    0    1    0.28    220.853715674     -8.780751326    212.072964348      0.917345196
   17    6    1    1    0.28    220.853715674     -8.914001421    211.939714253      0.949379452
   17    6    2    1    0.28    220.853715674     -8.775628968    212.078086706      0.912832341
   17    6    0    1    1.00    543.709116744    -20.875910705    522.833206039      0.922886453
   17    6    1    1    1.00    543.709116744    -21.394602673    522.314514071      0.973044610
   17    6    2    1    1.00    543.709116744    -20.852038207    522.857078538      0.922261795
   17    7    0    1    0.28    362.422702352    -11.124894005    351.297808347      0.954156419
   17    7    1    1    0.28    362.422702352    -11.002783286    351.419919066      0.930902762
   17    7    2    1    0.28    362.422702352    -11.113644250    351.309058102      0.952756462
   17    7    0    1    1.00    880.921452253    -26.103292217    854.818160037      0.972541604
   17    7    1    1    1.00    880.921452253    -25.586867103    855.334585150      0.930338017
   17    7    2    1    1.00    880.921452253    -26.081667541    854.839784713      0.972160065
   18    2    0    1    0.10      3.582600793     -0.969340905      2.613259888      0.888718616
   18    2    1    1    0.10      3.582600793     -1.005213611      2.577387182      0.939279293
   18    2    2    1    0.10      3.582600793     -0.945827205      2.636773588      0.000000000
   18    2    0    1    0.28      7.631864098     -1.967519616      5.664344481      0.876649654
   18    2    1    1    0.28      7.631864098     -2.077424972      5.554439125      0.957698099
   18    2    2    1    0.28      7.631864098     -1.914953285      5.716910813      0.000000000
   18    2    0    1    1.00     20.192496790     -4.699287811     15.493208980      0.854485783
   18    2    1    1    1.00     20.192496790     -5.219514786     14.972982004      0.979470935
   18    2    2    1    1.00     20.192496790     -4.606333215     15.586163576      0.000000000
   18    3    0    1    0.10     12.357349934     -1.750224977     10.607124957      0.934540500
   18    3    1    1    0.10     12.357349934     -1.711653545     10.645696390      0.891369159
   18    3    2    1    0.10     12.357349934     -1.749753669     10.607596266      0.925719371
   18    3    0    1    0.28     25.730957273     -3.577286902     22.153670372      0.954751825
   18    3    1    1    0.28     25.730957273     -3.456119127     22.274838147      0.892553372
   18    3    2    1    0.28     25.730957273     -3.566613927     22.164343347      0.949277942
   18    3    0    1    1.00     65.798901910     -8.839183705     56.959718204      0.976381403
   18    3    1    1    1.00     65.798901910     -8.287774861     57.511127049      0.882069015
   18    3    2    1    1.00     65.798901910     -8.791712063     57.007189847      0.974925875
   18    4    0    1    0.28     62.120671472     -5.089096109     57.031575363      0.908637983
   18    4    1    1    0.28     62.120671472     -5.209327590     56.911343882      0.952232325
   18    4    2    1    0.28     62.120671472     -5.082852137     57.037819335      0.901942118
   18    4    0    1    1.00    156.095604231    -12.220896649    143.874707581      0.900930006
   18    4    1    1    1.00    156.095604231    -12.751708399    143.343895832      0.974409845
   18    4    2    1    1.00    156.095604231    -12.186747070    143.908857161      0.901634228
   18    5    0    1    0.28    124.308864702     -6.964898086    117.343966616      0.952430980
   18    5    1    1    0.28    124.308864702     -6.842870820    117.465993882      0.915508322
   18    5    2    1    0.28    124.308864702     -6.958254759    117.350609944      0.950182770
   18    5    0    1    1.00    308.962284405    -16.956624425    292.005659980      0.973837378
   18    5    1    1    1.00    308.962284405    -16.416120277    292.546164128      0.914299809
   18    5    2    1    1.00    308.962284405    -16.925139438    292.037144967      0.973122940
   18    6    0    1    0.28    220.544208825     -8.743469615    211.800739210      0.921059050
   18    6    1    1    0.28    220.544208825     -8.860898785    211.683310040      0.951085194
   18    6    2    1    0.28    220.544208825     -8.737781832    211.806426993      0.917802904
   18    6    0    1    1.00    543.641000137    -20.870744043    522.770256095      0.923583230
   18    6    1    1    1.00    543.641000137    -21.389810491    522.251189646      0.973181717
   18    6    2    1    1.00    543.641000137    -20.846812908    522.794187230      0.922933940
   18    7    0    1    0.28    361.277042451    -11.045150347    350.231892104      0.951359818
   18    7    1    1    0.28    361.277042451    -10.891389992    350.385652459      0.921148164
   18    7    2    1    0.28    361.277042451    -11.037767749    350.239274702      0.949962830
   18    7    0    1    1.00    880.674588971    -26.082039144    854.592549828      0.972663521
   18    7    1    1    1.00    880.674588971    -25.556698740    855.117890231      0.928131300
   18    7    2    1    1.00    880.674588971    -26.059442090    854.615146881      0.972273643
   19    2    0    1    0.10      3.582521062     -0.969307224      2.613213838      0.888769766
   19    2    1    1    0.10      3.582521062     -1.005185023      2.577336039      0.939323431
   19    2    2    1    0.10      3.582521062     -0.945789983      2.636731078      0.000000000
   19    2    0    1    0.28      7.631485743     -1.967345971      5.664139772      0.876737007
   19    2    1    1    0.28      7.631485743     -2.077294240      5.554191503      0.957754410
   19    2    2    1    0.28      7.631485743     -1.914760595      5.716725148      0.000000000
   19    2    0    1    1.00     20.191217428     -4.698682646     15.492534782      0.854606877
   19    2    1    1    1.00     20.191217428     -5.219098990     14.972118438      0.979503360
   19    2    2    1    1.00     20.191217428     -4.605627096     15.585590332      0.000000000
   19    3    0    1    0.10     12.357082075     -1.750013725     10.607068350      0.934089673
   19    3    1    1    0.10     12.357082075     -1.711798365     10.645283710      0.891551744
   19    3    2    1    0.10     12.357082075     -1.749741953     10.607340123      0.925778425
   19    3    0    1    0.28     25.729573073     -3.577044021     22.152529052      0.954832623
   19    3    1    1    0.28     25.729573073     -3.455823128     22.273749946      0.892690439
   19    3    2    1    0.28     25.729573073     -3.566360774     22.163212299      0.949373874
   19    3    0    1    1.00     65.794610331     -8.838492587     56.956117744      0.976427040
   19    3    1    1    1.00     65.794610331     -8.286861994     57.507748337      0.882245665
   19    3    2    1    1.00     65.794610331     -8.791007788     57.003602543      0.974976156
   19    4    0    1    0.28     62.116720063     -5.088605160     57.028114903      0.908836438
   19    4    1    1    0.28     62.116720063     -5.208894223     56.907825840      0.952356297
   19    4    2    1    0.28     62.116720063     -5.082332540     57.034387524      0.902161444
   19    4    0    1    1.00    156.084506720    -12.219565216    143.864941504      0.901168309
   19    4    1    1    1.00    156.084506720    -12.750617763    143.333888957      0.974474562
   19    4    2    1    1.00    156.084506720    -12.185384066    143.899122654      0.901868915
   19    5    0    1    0.28    124.297664138     -6.963395922    117.334268217      0.952622273
   19    5    1    1    0.28    124.297664138     -6.841316910    117.456347229      0.915761622
   19    5    2    1    0.28    124.297664138     -6.956721194    117.340942944      0.950388885
   19    5    0    1    1.00    308.937019429    -16.954917804    291.982101625      0.973926966
   19    5    1    1    1.00    308.937019429    -16.414103020    292.522916409      0.914632194
   19    5    2    1    1.00    308.937019429    -16.923396081    292.013623348      0.973218757
   19    6    0    1    0.28    220.446479251     -8.721945046    211.724534205      0.921692628
   19    6    1    1    0.28    220.446479251     -8.844614583    211.601864668      0.951307692
   19    6    2    1    0.28    220.446479251     -8.716987133    211.729492118      0.918395205
   19    6    0    1    1.00    543.586826195    -20.867546028    522.719280167      0.924092960
   19    6    1    1    1.00    543.586826195    -21.387063486    522.199762709      0.973320444
   19    6    2    1    1.00    543.586826195    -20.843533887    522.743292308      0.923450606
   19    7    0    1    0.28    360.193911025    -10.941579625    349.252331400      0.951628490
   19    7    1    1    0.28    360.193911025    -10.822991288    349.370919737      0.925748172
   19    7    2    1    0.28    360.193911025    -10.934581721    349.259329304      0.949985388
   19    7    0    1    1.00    880.472196000    -26.055783924    854.416412076      0.973156396
   19    7    1    1    1.00    880.472196000    -25.533800046    854.938395954      0.930174668
   19    7    2    1    1.00    880.472196000    -26.032150090    854.440045910      0.972707445
   20    2    0    1    0.10      3.582451208     -0.969277653      2.613173555      0.888814338
   20    2    1    1    0.10      3.582451208     -1.005160053      2.577291155      0.939361968
   20    2    2    1    0.10      3.582451208     -0.945757438      2.636693770      0.000000000
   20    2    0    1    0.28      7.631153633     -1.967193369      5.663960264      0.876812910
   20    2    1    1    0.28      7.631153633     -2.077179759      5.553973874      0.957803686
   20    2    2    1    0.28      7.631153633     -1.914591805      5.716561828      0.000000000
   20    2    0    1    1.00     20.190091305     -4.698149478     15.491941827      0.854712224
   20    2    1    1    1.00     20.190091305     -5.218733726     14.971357579      0.979531820
   20    2    2    1    1.00     20.190091305     -4.605006702     15.585084603      0.000000000
   20    3    0    1    0.10     12.356755979     -1.749861150     10.606894829      0.933802421
   20    3    1    1    0.10     12.356755979     -1.711864466     10.644891513      0.891678284
   20    3    2    1    0.10     12.356755979     -1.749710112     10.607045867      0.925826948
   20    3    0    1    0.28     25.728374574     -3.576834606     22.151539968      0.954902394
   20    3    1    1    0.28     25.728374574     -3.455567603     22.272806971      0.892807366
   20    3    2    1    0.28     25.728374574     -3.566143248     22.162231326      0.949456312
   20    3    0    1    1.00     65.790871176     -8.837892607     56.952978569      0.976466639
   20    3    1    1    1.00     65.790871176     -8.286067869     57.504803307      0.882397183
   20    3    2    1    1.00     65.790871176     -8.790397484     57.000473692      0.975019746
   20    4    0    1    0.28     62.113368352     -5.088193169     57.025175183      0.909000586
   20    4    1    1    0.28     62.113368352     -5.208530936     56.904837416      0.952460643
   20    4    2    1    0.28     62.113368352     -5.081897137     57.031471215      0.902343069
   20    4    0    1    1.00    156.074966301    -12.218425247    143.856541055      0.901368853
   20    4    1    1    1.00    156.074966301    -12.749687111    143.325279191      0.974529681
   20    4    2    1    1.00    156.074966301    -12.184218537    143.890747765      0.902066412
   20    5    0    1    0.28    124.289157975     -6.962733112    117.326424862      0.952772912
   20    5    1    1    0.28    124.289157975     -6.840563494    117.448594481      0.916028471
   20    5    2    1    0.28    124.289157975     -6.956027426    117.333130549      0.950562174
   20    5    0    1    1.00    308.915722101    -16.953503716    291.962218385      0.974001082
   20    5    1    1    1.00    308.915722101    -16.412425414    292.503296687      0.914897770
   20    5    2    1    1.00    308.915722101    -16.921949305    291.993772796      0.973297628
   20    6    0    1    1.00    543.542325918    -20.864952180    522.677373739      0.924472787
   20    6    1    1    1.00    543.542325918    -21.384847982    522.157477937      0.973427682
   20    6    2    1    1.00    543.542325918    -20.840900534    522.701425384      0.923832990
   20    7    0    1    1.00    880.378071045    -26.050684182    854.327386863      0.973295843
   20    7    1    1    1.00    880.378071045    -25.527843410    854.850227635      0.930827619
   20    7    2    1    1.00    880.378071045    -26.027155606    854.350915440      0.972870031
