    5    1    0    1    0.10      0.441613275      0.562885668      1.004498943      0.000000000
    5    1    1    1    0.10      0.441613275      0.572916338      1.014529613      0.917969360
    5    1    2    1    0.10      0.441613275      0.607595950      1.049209225      0.789013726
    5    1    0    1    0.28      1.026588062      1.266712598      2.293300661      0.000000000
    5    1    1    1    0.28      1.026588062      1.235078895      2.261666957      0.952918786
    5    1    2    1    0.28      1.026588062      1.368435619      2.395023681      0.723831063
    5    1    0    1    1.00      3.017606231      3.752259019      6.769865249      0.000000000
    5    1    1    1    1.00      3.017606231      3.384312798      6.401919029      0.981081533
    5    1    2    1    1.00      3.017606231      4.003221950      7.020828181      0.657565609
    5    2    0    1    0.10      3.666399037      1.272309590      4.938708627      0.915557906
    5    2    1    1    0.10      3.666399037      1.307216597      4.973615634      0.000000000
    5    2    2    1    0.10      3.666399037      1.294063156      4.960462193      0.938152517
    5    2    0    1    0.28      7.734910553      2.561380878     10.296291430      0.936193109
    5    2    1    1    0.28      7.734910553      2.656150618     10.391061171      0.000000000
    5    2    2    1    0.28      7.734910553      2.555724677     10.290635229      0.955428638
    5    2    0    1    1.00     20.331388748      6.497934179     26.829322928      0.971804176
    5    2    1    1    1.00     20.331388748      6.931127294     27.262516043      0.000000000
    5    2    2    1    1.00     20.331388748      6.428173143     26.759561891      0.978301540
    5    3    0    1    0.10     13.828538337      2.486527150     16.315065488      0.000000002
    5    3    1    1    0.10     13.828538337      2.427077081     16.255615418      0.901137449
    5    3    2    1    0.10     13.828538337      2.474888514     16.303426852      0.843532714
    5    3    0    1    0.28     27.211136247      4.822644026     32.033780273      0.000000011
    5    3    1    1    0.28     27.211136247      4.573189345     31.784325592      0.939552597
    5    3    2    1    0.28     27.211136247      4.752995221     31.964131468      0.877051399
    5    3    0    1    1.00     67.029162077     11.524881084     78.554043161      0.000000003
    5    3    1    1    1.00     67.029162077     10.741315394     77.770477470      0.970969080
    5    3    2    1    1.00     67.029162077     11.451147100     78.480309177      0.000000015
    6    1    0    1    0.10      0.441446036      0.562954500      1.004400536      0.000000000
    6    1    1    1    0.10      0.441446036      0.572121321      1.013567357      0.921333392
    6    1    2    1    0.10      0.441446036      0.607135472      1.048581508      0.784907151
    6    1    0    1    0.28      1.025448798      1.267679472      2.293128270      0.000000000
    6    1    1    1    0.28      1.025448798      1.233952005      2.259400804      0.954443888
    6    1    2    1    0.28      1.025448798      1.368760470      2.394209269      0.726391492
    6    1    0    1    1.00      3.013626129      3.755288752      6.768914881      0.000000000
    6    1    1    1    1.00      3.013626129      3.380618637      6.394244766      0.981511633
    6    1    2    1    1.00      3.013626129      4.004798466      7.018424596      0.660395748
    6    2    0    1    0.10      3.596913038      1.225475550      4.822388588      0.881160978
    6    2    1    1    0.10      3.596913038      1.294228896      4.891141934      0.000000009
    6    2    2    1    0.10      3.596913038      1.222893742      4.819806780      0.907879187
    6    2    0    1    0.28      7.657400979      2.515842239     10.173243218      0.924824024
    6    2    1    1    0.28      7.657400979      2.650182498     10.307583477      0.000000002
    6    2    2    1    0.28      7.657400979      2.488506658     10.145907637      0.942021023
    6    2    0    1    1.00     20.273246333      6.471582919     26.744829252      0.969418782
    6    2    1    1    1.00     20.273246333      6.936815770     27.210062103      0.000000000
    6    2    2    1    1.00     20.273246333      6.383605805     26.656852139      0.975092538
    6    3    0    1    0.10     13.271967606      2.238220530     15.510188136      0.000000000
    6    3    1    1    0.10     13.271967606      2.207328724     15.479296330      0.929607061
    6    3    2    1    0.10     13.271967606      2.213184517     15.485152123      0.000000000
    6    3    0    1    0.28     26.601138177      4.338140340     30.939278517      0.000000000
    6    3    1    1    0.28     26.601138177      4.224234549     30.825372726      0.946081733
    6    3    2    1    0.28     26.601138177      4.303971549     30.905109726      0.000000000
    6    3    0    1    1.00     66.524872461     10.587838808     77.112711269      0.000000000
    6    3    1    1    1.00     66.524872461     10.154073673     76.678946135      0.972946020
    6    3    2    1    1.00     66.524872461     10.570853244     77.095725705      0.000000000
    6    4    0    1    0.10     35.153219308      3.690050211     38.843269518      0.000000046
    6    4    1    1    0.10     35.153219308      3.637151070     38.790370378      0.000000000
    6    4    2    1    0.10     35.153219308      3.669701542     38.822920850      0.000000003
    6    4    0    1    0.28     67.356006264      6.818407131     74.174413395      0.930582008
    6    4    1    1    0.28     67.356006264      6.873260024     74.229266288      0.000000001
    6    4    2    1    0.28     67.356006264      6.822659807     74.178666072      0.939182762
    6    4    0    1    1.00    160.592549234     15.438989441    176.031538675      0.970371479
    6    4    1    1    1.00    160.592549234     16.041198803    176.633748037      0.000000001
    6    4    2    1    1.00    160.592549234     15.359461854    175.952011089      0.977843371
    7    1    0    1    0.10      0.441329056      0.563056468      1.004385525      0.000000000
    7    1    1    1    0.10      0.441329056      0.571959355      1.013288411      0.922203429
    7    1    2    1    0.10      0.441329056      0.607021897      1.048350953      0.786595188
    7    1    0    1    0.28      1.024705854      1.268347851      2.293053705      0.000000000
    7    1    1    1    0.28      1.024705854      1.233183269      2.257889123      0.955352847
    7    1    2    1    0.28      1.024705854      1.368908948      2.393614802      0.727803754
    7    1    0    1    1.00      3.011019984      3.757618574      6.768638558      0.000000000
    7    1    1    1    1.00      3.011019984      3.378471559      6.389491544      0.981789048
    7    1    2    1    1.00      3.011019984      4.005959949      7.016979934      0.662244466
    7    2    0    1    0.10      3.589537715      1.199675542      4.789213257      0.906588796
    7    2    1    1    0.10      3.589537715      1.253583754      4.843121470      0.000000002
    7    2    2    1    0.10      3.589537715      1.192722780      4.782260495      0.924228098
    7    2    0    1    0.28      7.649384130      2.490529139     10.139913269      0.937726533
    7    2    1    1    0.28      7.649384130      2.624554073     10.273938204      0.000000002
    7    2    2    1    0.28      7.649384130      2.465022188     10.114406318      0.949611470
    7    2    0    1    1.00     20.249063612      6.457819974     26.706883586      0.971211440
    7    2    1    1    1.00     20.249063612      6.938856382     27.187919995      0.000000001
    7    2    2    1    1.00     20.249063612      6.372452684     26.621516296      0.976231182
    7    3    0    1    0.10     12.771860881      2.178617400     14.950478281      0.917891875
    7    3    1    1    0.10     12.771860881      2.085470005     14.857330886      0.911540669
    7    3    2    1    0.10     12.771860881      2.146943590     14.918804471      0.901371793
    7    3    0    1    0.28     26.028089925      4.314323457     30.342413383      0.921281937
    7    3    1    1    0.28     26.028089925      4.090529763     30.118619688      0.931852651
    7    3    2    1    0.28     26.028089925      4.261774575     30.289864501      0.912490653
    7    3    0    1    1.00     66.048031465     10.586011837     76.634043302      0.000000002
    7    3    1    1    1.00     66.048031465     10.035769240     76.083800705      0.966069141
    7    3    2    1    1.00     66.048031465     10.584225181     76.632256646      0.000000004
    7    4    0    1    0.28     65.490858054      6.271486691     71.762344745      0.947031685
    7    4    1    1    0.28     65.490858054      6.203183473     71.694041527      0.000000000
    7    4    2    1    0.28     65.490858054      6.231488285     71.722346339      0.953316896
    7    4    0    1    1.00    158.838121006     14.429708111    173.267829117      0.972567029
    7    4    1    1    1.00    158.838121006     14.650491421    173.488612426      0.000000000
    7    4    2    1    1.00    158.838121006     14.342854617    173.180975622      0.976953142
    7    5    0    1    0.28    138.324291500      9.132456978    147.456748478      0.000000000
    7    5    1    1    0.28    138.324291500      9.186089558    147.510381059      0.000000001
    7    5    2    1    0.28    138.324291500      9.131160500    147.455452000      0.000000000
    7    5    0    1    1.00    321.707270507     20.812851110    342.520121617      0.000000000
    7    5    1    1    1.00    321.707270507     20.775954325    342.483224832      0.971564885
    7    5    2    1    1.00    321.707270507     20.865403025    342.572673532      0.000000000
    8    1    0    1    0.10      0.441245374      0.563136770      1.004382144      0.000000000
    8    1    1    1    0.10      0.441245374      0.571845572      1.013090946      0.922796202
    8    1    2    1    0.10      0.441245374      0.606990471      1.048235845      0.787170718
    8    1    0    1    0.28      1.024199565      1.268820350      2.293019915      0.000000000
    8    1    1    1    0.28      1.024199565      1.232725906      2.256925471      0.955954194
    8    1    2    1    0.28      1.024199565      1.369055904      2.393255469      0.728759019
    8    1    0    1    1.00      3.009235722      3.759251693      6.768487415      0.000000000
    8    1    1    1    1.00      3.009235722      3.377031570      6.386267291      0.982000776
    8    1    2    1    1.00      3.009235722      4.006779453      7.016015175      0.663370810
    8    2    0    1    0.10      3.585321880      1.189689928      4.775011808      0.905752801
    8    2    1    1    0.10      3.585321880      1.250205795      4.835527675      0.000000048
    8    2    2    1    0.10      3.585321880      1.182849610      4.768171490      0.924467133
    8    2    0    1    0.28      7.644570443      2.486313054     10.130883497      0.939356400
    8    2    1    1    0.28      7.644570443      2.624950430     10.269520873      0.000000003
    8    2    2    1    0.28      7.644570443      2.460581919     10.105152362      0.950803774
    8    2    0    1    1.00     20.233838934      6.454333558     26.688172492      0.971658733
    8    2    1    1    1.00     20.233838934      6.943152960     27.176991894      0.000000001
    8    2    2    1    1.00     20.233838934      6.367229313     26.601068247      0.976568269
    8    3    0    1    0.10     12.553067254      2.101932853     14.655000108      0.000000014
    8    3    1    1    0.10     12.553067254      2.008739115     14.561806369      0.918254969
    8    3    2    1    0.10     12.553067254      2.071455758     14.624523013      0.000000016
    8    3    0    1    0.28     25.876483339      4.165060538     30.041543877      0.000000003
    8    3    1    1    0.28     25.876483339      3.990227204     29.866710543      0.938538948
    8    3    2    1    0.28     25.876483339      4.159802200     30.036285539      0.000000008
    8    3    0    1    1.00     65.970931497     10.478577627     76.449509124      0.000000001
    8    3    1    1    1.00     65.970931497      9.942862109     75.913793606      0.969466146
    8    3    2    1    1.00     65.970931497     10.481265729     76.452197226      0.000000003
    8    4    0    1    0.10     32.230965293      3.169614987     35.400580280      0.906336624
    8    4    1    1    0.10     32.230965293      3.239714334     35.470679627      0.888114859
    8    4    2    1    0.10     32.230965293      3.143050698     35.374015990      0.919725279
    8    4    0    1    0.28     63.772213432      6.010849149     69.783062580      0.935814746
    8    4    1    1    0.28     63.772213432      6.208256188     69.980469620      0.926584247
    8    4    2    1    0.28     63.772213432      5.959831930     69.732045361      0.943380682
    8    4    0    1    1.00    157.035289795     14.176090639    171.211380434      0.965627267
    8    4    1    1    1.00    157.035289795     14.728361349    171.763651144      0.000000003
    8    4    2    1    1.00    157.035289795     14.082336614    171.117626409      0.969169672
    8    5    0    1    1.00    316.936396861     18.926913098    335.863309959      0.000000000
    8    5    1    1    1.00    316.936396861     19.267494002    336.203890864      0.974961119
    8    5    2    1    1.00    316.936396861     18.969717512    335.906114373      0.000000000
    9    1    0    1    0.10      0.441182630      0.563198538      1.004381168      0.000000000
    9    1    1    1    0.10      0.441182630      0.571769014      1.012951644      0.923187614
    9    1    2    1    0.10      0.441182630      0.606976027      1.048158657      0.787597864
    9    1    0    1    0.28      1.023830192      1.269168977      2.292999168      0.000000000
    9    1    1    1    0.28      1.023830192      1.232402093      2.256232285      0.956369392
    9    1    2    1    0.28      1.023830192      1.369164634      2.392994825      0.729394217
    9    1    0    1    1.00      3.007929461      3.760474873      6.768404334      0.000000000
    9    1    1    1    1.00      3.007929461      3.376001778      6.383931240      0.982153795
    9    1    2    1    1.00      3.007929461      4.007362021      7.015291482      0.664070209
    9    2    0    1    0.10      3.584605583      1.186919615      4.771525199      0.911151308
    9    2    1    1    0.10      3.584605583      1.246166453      4.830772036      0.000000021
    9    2    2    1    0.10      3.584605583      1.180237020      4.764842603      0.928157257
    9    2    0    1    0.28      7.641346459      2.485216281     10.126562741      0.940716698
    9    2    1    1    0.28      7.641346459      2.625485864     10.266832324      0.000000004
    9    2    2    1    0.28      7.641346459      2.459131450     10.100477910      0.951872242
    9    2    0    1    1.00     20.223511443      6.451536308     26.675047751      0.972049369
    9    2    1    1    1.00     20.223511443      6.945849876     27.169361319      0.000000001
    9    2    2    1    1.00     20.223511443      6.363957779     26.587469222      0.976873558
    9    3    0    1    0.10     12.423249056      2.031898574     14.455147631      0.908282692
    9    3    1    1    0.10     12.423249056      1.961607556     14.384856613      0.900480528
    9    3    2    1    0.10     12.423249056      2.015782525     14.439031581      0.899056964
    9    3    0    1    0.28     25.778013625      4.136879522     29.914893147      0.901781572
    9    3    1    1    0.28     25.778013625      3.952649977     29.730663602      0.933643576
    9    3    2    1    0.28     25.778013625      4.107638133     29.885651758      0.901252383
    9    3    0    1    1.00     65.919974148     10.483824128     76.403798276      0.000000002
    9    3    1    1    1.00     65.919974148      9.930065567     75.850039715      0.969328706
    9    3    2    1    1.00     65.919974148     10.483711234     76.403685382      0.000000005
    9    4    0    1    0.10     31.540454005      3.015151160     34.555605165      0.924897532
    9    4    1    1    0.10     31.540454005      3.078128530     34.618582535      0.000000000
    9    4    2    1    0.10     31.540454005      2.992313160     34.532767165      0.929413080
    9    4    0    1    0.28     63.120468028      5.784031710     68.904499739      0.941011568
    9    4    1    1    0.28     63.120468028      5.939140795     69.059608823      0.000000001
    9    4    2    1    0.28     63.120468028      5.749796683     68.870264711      0.946725061
    9    4    0    1    1.00    156.673484652     13.892596699    170.566081351      0.968005572
    9    4    1    1    1.00    156.673484652     14.372543274    171.046027926      0.000000001
    9    4    2    1    1.00    156.673484652     13.829877400    170.503362052      0.970729908
    9    5    0    1    0.10     67.077665410      4.396531896     71.474197305      0.000000000
    9    5    1    1    0.10     67.077665410      4.430098271     71.507763681      0.000000010
    9    5    2    1    0.10     67.077665410      4.436831399     71.514496809      0.000000000
    9    5    0    1    0.28    129.864022922      8.309715961    138.173738883      0.000000002
    9    5    1    1    0.28    129.864022922      8.222742154    138.086765076      0.936866787
    9    5    2    1    0.28    129.864022922      8.362576476    138.226599398      0.000000014
    9    5    0    1    1.00    312.268213589     19.249013622    331.517227211      0.000000001
    9    5    1    1    1.00    312.268213589     18.799542664    331.067756253      0.968695466
    9    5    2    1    1.00    312.268213589     19.294078353    331.562291942      0.000000002
   10    1    0    1    0.10      0.441134213      0.563246993      1.004381206      0.000000000
   10    1    1    1    0.10      0.441134213      0.571712254      1.012846467      0.923489335
   10    1    2    1    0.10      0.441134213      0.606971612      1.048105825      0.787873062
   10    1    0    1    0.28      1.023550502      1.269437234      2.292987735      0.000000000
   10    1    1    1    0.28      1.023550502      1.232168196      2.255718698      0.956676269
   10    1    2    1    0.28      1.023550502      1.369255583      2.392806085      0.729868036
   10    1    0    1    1.00      3.006937179      3.761415104      6.768352283      0.000000000
   10    1    1    1    1.00      3.006937179      3.375249351      6.382186530      0.982273344
   10    1    2    1    1.00      3.006937179      4.007816428      7.014753607      0.664622048
   10    2    0    1    0.10      3.584127992      1.186369122      4.770497114      0.911686573
   10    2    1    1    0.10      3.584127992      1.246124160      4.830252153      0.000000031
   10    2    2    1    0.10      3.584127992      1.179570213      4.763698206      0.928586718
   10    2    0    1    0.28      7.639037366      2.484553835     10.123591201      0.941515465
   10    2    1    1    0.28      7.639037366      2.626014505     10.265051871      0.000000003
   10    2    2    1    0.28      7.639037366      2.458186348     10.097223714      0.952525242
   10    2    0    1    1.00     20.216127782      6.449521311     26.665649093      0.972324036
   10    2    1    1    1.00     20.216127782      6.947866614     27.163994396      0.000000001
   10    2    2    1    1.00     20.216127782      6.361517269     26.577645051      0.977078257
   10    3    0    1    0.10     12.388661254      2.006271900     14.394933153      0.866981710
   10    3    1    1    0.10     12.388661254      1.929441655     14.318102908      0.914061132
   10    3    2    1    0.10     12.388661254      1.989898372     14.378559625      0.852542962
   10    3    0    1    0.28     25.763445064      4.122667169     29.886112233      0.877356941
   10    3    1    1    0.28     25.763445064      3.929712635     29.693157698      0.940606189
   10    3    2    1    0.28     25.763445064      4.095159590     29.858604654      0.887792229
   10    3    0    1    1.00     65.887964883     10.487834466     76.375799349      0.000000003
   10    3    1    1    1.00     65.887964883      9.924564706     75.812529589      0.970006716
   10    3    2    1    1.00     65.887964883     10.487463465     76.375428348      0.000000006
   10    4    0    1    0.10     30.917250070      2.912598977     33.829849047      0.917230142
   10    4    1    1    0.10     30.917250070      2.983644637     33.900894707      0.917227992
   10    4    2    1    0.10     30.917250070      2.901331019     33.818581088      0.916886764
   10    4    0    1    0.28     62.523369479      5.677289574     68.200659054      0.932714355
   10    4    1    1    0.28     62.523369479      5.859455112     68.382824591      0.920776673
   10    4    2    1    0.28     62.523369479      5.661088322     68.184457802      0.937617040
   10    4    0    1    1.00    156.365861632     13.826415225    170.192276857      0.965113167
   10    4    1    1    1.00    156.365861632     14.372531224    170.738392855      0.000000006
   10    4    2    1    1.00    156.365861632     13.775449579    170.141311211      0.968149512
   10    5    0    1    0.28    128.046099042      7.895526405    135.941625447      0.000000000
   10    5    1    1    0.28    128.046099042      7.864130750    135.910229792      0.945013252
   10    5    2    1    0.28    128.046099042      7.896821046    135.942920088      0.000000000
   10    5    0    1    1.00    311.001690034     18.617246047    329.618936081      0.000000001
   10    5    1    1    1.00    311.001690034     18.270482543    329.272172577      0.969965420
   10    5    2    1    1.00    311.001690034     18.632592349    329.634282383      0.000000001
   10    6    0    1    0.28    234.748295499     10.571989129    245.320284628      0.000000001
   10    6    1    1    0.28    234.748295499     10.501082041    245.249377540      0.000000000
   10    6    2    1    0.28    234.748295499     10.595779994    245.344075493      0.000000000
   10    6    0    1    1.00    553.129231041     24.030839383    577.160070423      0.967982377
   10    6    1    1    1.00    553.129231041     24.035035181    577.164266222      0.000000001
   10    6    2    1    1.00    553.129231041     23.919545122    577.048776162      0.971653713
   11    1    0    1    0.10      0.441095809      0.563285885      1.004381694      0.000000000
   11    1    1    1    0.10      0.441095809      0.571668306      1.012764115      0.923718816
   11    1    2    1    0.10      0.441095809      0.606970289      1.048066098      0.788082147
   11    1    0    1    0.28      1.023331583      1.269648886      2.292980469      0.000000000
   11    1    1    1    0.28      1.023331583      1.231990257      2.255321840      0.956909744
   11    1    2    1    0.28      1.023331583      1.369330404      2.392661987      0.730227075
   11    1    0    1    1.00      3.006158277      3.762159068      6.768317344      0.000000000
   11    1    1    1    1.00      3.006158277      3.374671092      6.380829368      0.982366452
   11    1    2    1    1.00      3.006158277      4.008172037      7.014330314      0.665029146
   11    2    0    1    0.10      3.583761204      1.186230267      4.769991470      0.912403424
   11    2    1    1    0.10      3.583761204      1.246153771      4.829914975      0.000000059
   11    2    2    1    0.10      3.583761204      1.179347343      4.763108546      0.929184073
   11    2    0    1    0.28      7.637323487      2.484090842     10.121414329      0.942086647
   11    2    1    1    0.28      7.637323487      2.626400451     10.263723937      0.000000003
   11    2    2    1    0.28      7.637323487      2.457519730     10.094843217      0.952991275
   11    2    0    1    1.00     20.210574144      6.448038733     26.658612876      0.972547035
   11    2    1    1    1.00     20.210574144      6.949347252     27.159921396      0.000000001
   11    2    2    1    1.00     20.210574144      6.359778352     26.570352496      0.977251000
   11    3    0    1    0.10     12.366445160      1.973753878     14.340199037      0.907287050
   11    3    1    1    0.10     12.366445160      1.913100292     14.279545452      0.912143258
   11    3    2    1    0.10     12.366445160      1.961755503     14.328200663      0.898563234
   11    3    0    1    0.28     25.753494716      4.103965551     29.857460267      0.908727185
   11    3    1    1    0.28     25.753494716      3.923989335     29.677484051      0.941532095
   11    3    2    1    0.28     25.753494716      4.079351625     29.832846341      0.906492570
   11    3    0    1    1.00     65.865343252     10.490910720     76.356253971      0.000000003
   11    3    1    1    1.00     65.865343252      9.921531103     75.786874355      0.970294081
   11    3    2    1    1.00     65.865343252     10.490404794     76.355748046      0.000000006
   11    4    0    1    0.10     30.597980960      2.840063968     33.438044928      0.921677521
   11    4    1    1    0.10     30.597980960      2.923374478     33.521355438      0.869631442
   11    4    2    1    0.10     30.597980960      2.827047948     33.425028908      0.921884171
   11    4    0    1    0.28     62.334012522      5.594396242     67.928408765      0.937282102
   11    4    1    1    0.28     62.334012522      5.796536522     68.130549044      0.820555503
   11    4    2    1    0.28     62.334012522      5.576757731     67.910770253      0.941390678
   11    4    0    1    1.00    156.290558854     13.782697514    170.073256368      0.967420092
   11    4    1    1    1.00    156.290558854     14.336306190    170.626865045      0.000000005
   11    4    2    1    1.00    156.290558854     13.733464628    170.024023482      0.969800845
   11    5    0    1    0.10     63.835742386      4.117408113     67.953150499      0.901710291
   11    5    1    1    0.10     63.835742386      4.048090374     67.883832759      0.915569690
   11    5    2    1    0.10     63.835742386      4.104659192     67.940401577      0.904958928
   11    5    0    1    0.28    126.327142039      7.867836522    134.194978560      0.931069748
   11    5    1    1    0.28    126.327142039      7.674904385    134.002046424      0.939245609
   11    5    2    1    0.28    126.327142039      7.841810980    134.168953019      0.926107354
   11    5    0    1    1.00    309.745589178     18.648749097    328.394338275      0.000000004
   11    5    1    1    1.00    309.745589178     18.117142766    327.862731944      0.965472649
   11    5    2    1    1.00    309.745589178     18.648899826    328.394489004      0.000000009
   11    6    0    1    1.00    549.707771469     23.171482985    572.879254454      0.970418007
   11    6    1    1    1.00    549.707771469     23.119481935    572.827253404      0.000000000
   11    6    2    1    1.00    549.707771469     23.096948384    572.804719854      0.973104565
   11    7    0    1    1.00    903.410205843     29.018883572    932.429089415      0.000000000
   11    7    1    1    1.00    903.410205843     29.471351880    932.881557723      0.000000003
   11    7    2    1    1.00    903.410205843     29.113202064    932.523407907      0.000000000
   12    1    0    1    0.10      0.441064698      0.563317789      1.004382487      0.000000000
   12    1    1    1    0.10      0.441064698      0.571634046      1.012698744      0.923902677
   12    1    2    1    0.10      0.441064698      0.606971576      1.048036274      0.788234701
   12    1    0    1    0.28      1.023155936      1.269820077      2.292976013      0.000000000
   12    1    1    1    0.28      1.023155936      1.231850471      2.255006407      0.957094593
   12    1    2    1    0.28      1.023155936      1.369393367      2.392549303      0.730507394
   12    1    0    1    1.00      3.005531679      3.762761460      6.768293139      0.000000000
   12    1    1    1    1.00      3.005531679      3.374218246      6.379749924      0.982441743
   12    1    2    1    1.00      3.005531679      4.008463398      7.013995077      0.665362272
   12    2    0    1    0.10      3.583478770      1.186138530      4.769617300      0.912880437
   12    2    1    1    0.10      3.583478770      1.246213129      4.829691899      0.000000061
   12    2    2    1    0.10      3.583478770      1.179191885      4.762670656      0.929596818
   12    2    0    1    0.28      7.636000647      2.483752629     10.119753276      0.942516133
   12    2    1    1    0.28      7.636000647      2.626707242     10.262707889      0.000000003
   12    2    2    1    0.28      7.636000647      2.457027632     10.093028279      0.953338906
   12    2    0    1    1.00     20.206257122      6.446892063     26.653149185      0.972720329
   12    2    1    1    1.00     20.206257122      6.950502193     27.156759315      0.000000001
   12    2    2    1    1.00     20.206257122      6.358436487     26.564693609      0.977383982
   12    3    0    1    0.10     12.362796749      1.969232846     14.332029594      0.901173433
   12    3    1    1    0.10     12.362796749      1.905592626     14.268389375      0.918612448
   12    3    2    1    0.10     12.362796749      1.957163819     14.319960568      0.891598479
   12    3    0    1    0.28     25.747564469      4.103031954     29.850596424      0.910487208
   12    3    1    1    0.28     25.747564469      3.922428006     29.669992475      0.942717339
   12    3    2    1    0.28     25.747564469      4.078551471     29.826115940      0.907908570
   12    3    0    1    1.00     65.848352733     10.493032978     76.341385711      0.000000003
   12    3    1    1    1.00     65.848352733      9.919180462     75.767533195      0.970553521
   12    3    2    1    1.00     65.848352733     10.492591981     76.340944714      0.000000006
   12    4    0    1    0.10     30.359198281      2.789740500     33.148938781      0.909198117
   12    4    1    1    0.10     30.359198281      2.848725775     33.207924057      0.910755986
   12    4    2    1    0.10     30.359198281      2.779360378     33.138558659      0.909601900
   12    4    0    1    0.28     62.194760087      5.559764132     67.754524219      0.934157392
   12    4    1    1    0.28     62.194760087      5.719795738     67.914555825      0.913584515
   12    4    2    1    0.28     62.194760087      5.540187133     67.734947220      0.938375433
   12    4    0    1    1.00    156.236252384     13.776183255    170.012435639      0.967692498
   12    4    1    1    1.00    156.236252384     14.339536833    170.575789217      0.000000007
   12    4    2    1    1.00    156.236252384     13.724896945    169.961149329      0.969947997
   12    5    0    1    0.10     62.938796184      3.998776265     66.937572449      0.000000006
   12    5    1    1    0.10     62.938796184      3.914099734     66.852895918      0.926085957
   12    5    2    1    0.10     62.938796184      3.988373507     66.927169691      0.000000000
   12    5    0    1    0.28    125.573974277      7.693768661    133.267742938      0.000000006
   12    5    1    1    0.28    125.573974277      7.496884126    133.070858403      0.942600380
   12    5    2    1    0.28    125.573974277      7.681613815    133.255588093      0.000000009
   12    5    0    1    1.00    309.454937727     18.474658055    327.929595782      0.000000002
   12    5    1    1    1.00    309.454937727     17.957702296    327.412640023      0.967445870
   12    5    2    1    1.00    309.454937727     18.482255537    327.937193263      0.000000004
   12    6    0    1    0.28    226.838303790      9.953946776    236.792250566      0.936720805
   12    6    1    1    0.28    226.838303790     10.049945478    236.888249268      0.000000004
   12    6    2    1    0.28    226.838303790      9.935590616    236.773894406      0.941883100
   12    6    0    1    1.00    546.280474348     22.878737378    569.159211726      0.966410717
   12    6    1    1    1.00    546.280474348     23.273754757    569.554229105      0.000000002
   12    6    2    1    1.00    546.280474348     22.828767157    569.109241505      0.968916863
   13    1    0    1    0.10      0.441039027      0.563344338      1.004383365      0.000000000
   13    1    1    1    0.10      0.441039027      0.571606282      1.012645309      0.924051634
   13    1    2    1    0.10      0.441039027      0.606973687      1.048012714      0.788357804
   13    1    0    1    0.28      1.023012061      1.269961149      2.292973210      0.000000000
   13    1    1    1    0.28      1.023012061      1.231738124      2.254750185      0.957243755
   13    1    2    1    0.28      1.023012061      1.369446702      2.392458762      0.730733271
   13    1    0    1    1.00      3.005017172      3.763258433      6.768275605      0.000000000
   13    1    1    1    1.00      3.005017172      3.373853066      6.378870237      0.982503310
   13    1    2    1    1.00      3.005017172      4.008704565      7.013721737      0.665632106
   13    2    0    1    0.10      3.583255710      1.186069502      4.769325212      0.913246950
   13    2    1    1    0.10      3.583255710      1.246261228      4.829516938      0.000000044
   13    2    2    1    0.10      3.583255710      1.179073700      4.762329409      0.929908960
   13    2    0    1    0.28      7.634951789      2.483490350     10.118442139      0.942852505
   13    2    1    1    0.28      7.634951789      2.626948687     10.261900476      0.000000003
   13    2    2    1    0.28      7.634951789      2.456647136     10.091598925      0.953609714
   13    2    0    1    1.00     20.202805967      6.446008647     26.648814613      0.972861945
   13    2    1    1    1.00     20.202805967      6.951420367     27.154226334      0.000000001
   13    2    2    1    1.00     20.202805967      6.357400628     26.560206595      0.977494237
   13    3    0    1    0.10     12.352553224      1.961806893     14.314360117      0.891270880
   13    3    1    1    0.10     12.352553224      1.916171749     14.268724973      0.900402785
   13    3    2    1    0.10     12.352553224      1.964453993     14.317007217      0.446604041
   13    3    0    1    0.28     25.743082622      4.101985895     29.845068516      0.912509196
   13    3    1    1    0.28     25.743082622      3.921739649     29.664822271      0.943275082
   13    3    2    1    0.28     25.743082622      4.077774719     29.820857340      0.909431307
   13    3    0    1    1.00     65.835335846     10.494662118     76.329997964      0.000000003
   13    3    1    1    1.00     65.835335846      9.917279988     75.752615834      0.970747627
   13    3    2    1    1.00     65.835335846     10.494240825     76.329576671      0.000000006
   13    4    0    1    0.10     30.263019485      2.751286660     33.014306145      0.916774188
   13    4    1    1    0.10     30.263019485      2.818386361     33.081405847      0.880224392
   13    4    2    1    0.10     30.263019485      2.740117021     33.003136506      0.917086202
   13    4    0    1    0.28     62.167502797      5.534292783     67.701795580      0.939581561
   13    4    1    1    0.28     62.167502797      5.705792921     67.873295718      0.899834860
   13    4    2    1    0.28     62.167502797      5.516042485     67.683545282      0.942840696
   13    4    0    1    1.00    156.196938050     13.772529358    169.969467408      0.968097832
   13    4    1    1    1.00    156.196938050     14.342589598    170.539527649      0.000000008
   13    4    2    1    1.00    156.196938050     13.721274948    169.918212998      0.970310270
   13    5    0    1    0.10     62.112734297      3.888882925     66.001617223      0.919685319
   13    5    1    1    0.10     62.112734297      3.819236301     65.931970598      0.920368208
   13    5    2    1    0.10     62.112734297      3.876515069     65.989249366      0.915390332
   13    5    0    1    0.28    124.879695886      7.584981506    132.464677392      0.925142777
   13    5    1    1    0.28    124.879695886      7.407129251    132.286825136      0.936337505
   13    5    2    1    0.28    124.879695886      7.562669489    132.442365375      0.923123126
   13    5    0    1    1.00    309.216876450     18.472953186    327.689829636      0.000000008
   13    5    1    1    1.00    309.216876450     17.920621908    327.137498359      0.966301338
   13    5    2    1    1.00    309.216876450     18.482066348    327.698942798      0.000000022
   13    6    0    1    0.28    224.868329152      9.675343473    234.543672625      0.943499678
   13    6    1    1    0.28    224.868329152      9.727426052    234.595755204      0.000000000
   13    6    2    1    0.28    224.868329152      9.649574574    234.517903726      0.946659017
   13    6    0    1    1.00    545.251704114     22.539252774    567.790956888      0.967824392
   13    6    1    1    1.00    545.251704114     22.915824570    568.167528684      0.000000001
   13    6    2    1    1.00    545.251704114     22.493659790    567.745363904      0.969708697
   13    7    0    1    1.00    888.290952738     28.145655376    916.436608114      0.000000001
   13    7    1    1    1.00    888.290952738     28.089798807    916.380751545      0.967959740
   13    7    2    1    1.00    888.290952738     28.177581286    916.468534024      0.000000001
   14    1    0    1    0.10      0.441017519      0.563366789      1.004384308      0.000000000
   14    1    1    1    0.10      0.441017519      0.571583574      1.012601093      0.924174738
   14    1    2    1    0.10      0.441017519      0.606976334      1.047993853      0.788454915
   14    1    0    1    0.28      1.022892192      1.270079305      2.292971497      0.000000000
   14    1    1    1    0.28      1.022892192      1.231645857      2.254538049      0.957366932
   14    1    2    1    0.28      1.022892192      1.369492460      2.392384653      0.730917430
   14    1    0    1    1.00      3.004587538      3.763675135      6.768262673      0.000000000
   14    1    1    1    1.00      3.004587538      3.373553504      6.378141042      0.982554703
   14    1    2    1    1.00      3.004587538      4.008908306      7.013495844      0.665858332
   14    2    0    1    0.10      3.583074500      1.186016762      4.769091262      0.913537800
   14    2    1    1    0.10      3.583074500      1.246302044      4.829376544      0.000000050
   14    2    2    1    0.10      3.583074500      1.178981674      4.762056174      0.930154020
   14    2    0    1    0.28      7.634100180      2.483282930     10.117383109      0.943122231
   14    2    1    1    0.28      7.634100180      2.627145497     10.261245676      0.000000003
   14    2    2    1    0.28      7.634100180      2.456345327     10.090445507      0.953826083
   14    2    0    1    1.00     20.199985546      6.445300658     26.645286204      0.972977706
   14    2    1    1    1.00     20.199985546      6.952169512     27.152155058      0.000000001
   14    2    2    1    1.00     20.199985546      6.356570455     26.556556001      0.977584428
   14    3    0    1    0.10     12.365548318      1.963124664     14.328672982      0.880797120
   14    3    1    1    0.10     12.365548318      1.912116011     14.277664328      0.901443733
   14    3    2    1    0.10     12.365548318      1.958321143     14.323869461      0.584629189
   14    3    0    1    0.28     25.739579536      4.101486431     29.841065967      0.913448590
   14    3    1    1    0.28     25.739579536      3.921212173     29.660791708      0.943701176
   14    3    2    1    0.28     25.739579536      4.077386397     29.816965933      0.910242015
   14    3    0    1    1.00     65.825017848     10.495901387     76.320919236      0.000000003
   14    3    1    1    1.00     65.825017848      9.915798735     75.740816584      0.970913502
   14    3    2    1    1.00     65.825017848     10.495518101     76.320535950      0.000000007
   14    4    0    1    0.10     30.206021452      2.727000119     32.933021571      0.896121155
   14    4    1    1    0.10     30.206021452      2.770529596     32.976551048      0.886170563
   14    4    2    1    0.10     30.206021452      2.730753246     32.936774698      0.898894941
   14    4    0    1    0.28     62.147615482      5.526249470     67.673864952      0.940261723
   14    4    1    1    0.28     62.147615482      5.684019294     67.831634776      0.918349606
   14    4    2    1    0.28     62.147615482      5.508192697     67.655808179      0.943494102
   14    4    0    1    1.00    156.167060885     13.770231246    169.937292130      0.968321625
   14    4    1    1    1.00    156.167060885     14.344810747    170.511871632      0.000000008
   14    4    2    1    1.00    156.167060885     13.718455310    169.885516194      0.970522749
   14    5    0    1    0.10     61.634660979      3.828623569     65.463284548      0.893119411
   14    5    1    1    0.10     61.634660979      3.745069564     65.379730543      0.924330620
   14    5    2    1    0.10     61.634660979      3.816231404     65.450892383      0.883897266
   14    5    0    1    0.28    124.621375561      7.528859468    132.150235029      0.865533964
   14    5    1    1    0.28    124.621375561      7.328456887    131.949832448      0.939415443
   14    5    2    1    0.28    124.621375561      7.511037768    132.132413330      0.877804248
   14    5    0    1    1.00    309.137285020     18.458536824    327.595821844      0.000000008
   14    5    1    1    1.00    309.137285020     17.895544443    327.032829463      0.967690322
   14    5    2    1    1.00    309.137285020     18.467390536    327.604675556      0.000000021
   14    6    0    1    0.10    112.838463428      5.026091812    117.864555240      0.916409848
   14    6    1    1    0.10    112.838463428      5.083858838    117.922322266      0.904195344
   14    6    2    1    0.10    112.838463428      5.010769285    117.849232713      0.920218187
   14    6    0    1    0.28    222.990161436      9.518241736    232.508403171      0.939549860
   14    6    1    1    0.28    222.990161436      9.684720864    232.674882300      0.930767471
   14    6    2    1    0.28    222.990161436      9.490735217    232.480896653      0.942578452
   14    6    0    1    1.00    544.263441567     22.438787745    566.702229312      0.964983929
   14    6    1    1    1.00    544.263441567     22.924629002    567.188070569      0.000000005
   14    6    2    1    1.00    544.263441567     22.392031312    566.655472879      0.966739768
   14    7    0    1    1.00    885.484804643     27.595427965    913.080232608      0.000000000
   14    7    1    1    1.00    885.484804643     27.519703703    913.004508346      0.969696711
   14    7    2    1    1.00    885.484804643     27.617101539    913.101906182      0.000000000
   15    1    0    1    0.10      0.440999260      0.563385979      1.004385239      0.000000000
   15    1    1    1    0.10      0.440999260      0.571564618      1.012563878      0.924278042
   15    1    2    1    0.10      0.440999260      0.606979153      1.047978413      0.788535961
   15    1    0    1    0.28      1.022790876      1.270179621      2.292970496      0.000000000
   15    1    1    1    0.28      1.022790876      1.231568905      2.254359780      0.957470106
   15    1    2    1    0.28      1.022790876      1.369531998      2.392322874      0.731071414
   15    1    0    1    1.00      3.004223630      3.764029262      6.768252893      0.000000000
   15    1    1    1    1.00      3.004223630      3.373303330      6.377526960      0.982598124
   15    1    2    1    1.00      3.004223630      4.009082343      7.013305973      0.666049834
   15    2    0    1    0.10      3.582924880      1.185974064      4.768898944      0.913774731
   15    2    1    1    0.10      3.582924880      1.246335742      4.829260622      0.000000053
   15    2    2    1    0.10      3.582924880      1.178907280      4.761832159      0.930351500
   15    2    0    1    0.28      7.633395745      2.483115455     10.116511199      0.943343440
   15    2    1    1    0.28      7.633395745      2.627308627     10.260704372      0.000000003
   15    2    2    1    0.28      7.633395745      2.456100970     10.089496715      0.954002692
   15    2    0    1    1.00     20.197639062      6.444726166     26.642365227      0.973074424
   15    2    1    1    1.00     20.197639062      6.952791126     27.150430188      0.000000001
   15    2    2    1    1.00     20.197639062      6.355894798     26.553533859      0.977660207
   15    3    0    1    0.10     12.342208477      1.960078379     14.302286856      0.912597910
   15    3    1    1    0.10     12.342208477      1.901778535     14.243987012      0.919682911
   15    3    2    1    0.10     12.342208477      1.949092562     14.291301039      0.902522242
   15    3    0    1    0.28     25.736777088      4.101098255     29.837875343      0.914177054
   15    3    1    1    0.28     25.736777088      3.920797671     29.657574759      0.944036603
   15    3    2    1    0.28     25.736777088      4.077086781     29.813863868      0.910869123
   15    3    0    1    1.00     65.816641792     10.496908341     76.313550133      0.000000003
   15    3    1    1    1.00     65.816641792      9.914599640     75.731241432      0.971048293
   15    3    2    1    1.00     65.816641792     10.496549126     76.313190918      0.000000007
   15    4    0    1    0.28     62.138335654      5.523436472     67.661772126      0.941658563
   15    4    1    1    0.28     62.138335654      5.682695120     67.821030774      0.918975352
   15    4    2    1    0.28     62.138335654      5.505630281     67.643965934      0.944706983
   15    4    0    1    1.00    156.143333021     13.768291044    169.911624065      0.968520695
   15    4    1    1    1.00    156.143333021     14.346497815    170.489830837      0.000000009
   15    4    2    1    1.00    156.143333021     13.716369409    169.859702430      0.970712738
   15    5    0    1    0.10     61.232100748      3.750180042     64.982280790      0.916126620
   15    5    1    1    0.10     61.232100748      3.690482835     64.922583584      0.914857591
   15    5    2    1    0.10     61.232100748      3.742400759     64.974501508      0.912543385
   15    5    0    1    0.28    124.414906754      7.450106484    131.865013239      0.920542293
   15    5    1    1    0.28    124.414906754      7.291581795    131.706488550      0.936710023
   15    5    2    1    0.28    124.414906754      7.436053412    131.850960167      0.919453807
   15    5    0    1    1.00    309.076628522     18.461236803    327.537865326      0.000000011
   15    5    1    1    1.00    309.076628522     17.890386237    326.967014760      0.967938817
   15    5    2    1    1.00    309.076628522     18.469610259    327.546238782      0.000000036
   15    6    0    1    0.28    222.074211865      9.357563629    231.431775494      0.942591898
   15    6    1    1    0.28    222.074211865      9.557038750    231.631250615      0.000000024
   15    6    2    1    0.28    222.074211865      9.335245672    231.409457537      0.944954434
   15    6    0    1    1.00    544.005388545     22.329113778    566.334502322      0.966717075
   15    6    1    1    1.00    544.005388545     22.830137447    566.835525991      0.000000004
   15    6    2    1    1.00    544.005388545     22.291173180    566.296561725      0.968151951
   15    7    0    1    0.28    366.821562394     11.931456384    378.753018779      0.000000000
   15    7    1    1    0.28    366.821562394     11.863026549    378.684588943      0.938626731
   15    7    2    1    0.28    366.821562394     11.950687544    378.772249938      0.000000000
   15    7    0    1    1.00    882.676622257     27.673473744    910.350096002      0.000000002
   15    7    1    1    1.00    882.676622257     27.321372458    909.997994716      0.966617115
   15    7    2    1    1.00    882.676622257     27.695117065    910.371739322      0.000000002
   16    1    0    1    0.10      0.440983582      0.563402564      1.004386146      0.000000000
   16    1    1    1    0.10      0.440983582      0.571548598      1.012532180      0.924365783
   16    1    2    1    0.10      0.440983582      0.606981965      1.047965547      0.788603184
   16    1    0    1    0.28      1.022704182      1.270265795      2.292969977      0.000000000
   16    1    1    1    0.28      1.022704182      1.231503802      2.254207984      0.957557783
   16    1    2    1    0.28      1.022704182      1.369566495      2.392270677      0.731201313
   16    1    0    1    1.00      3.003911626      3.764333759      6.768245385      0.000000000
   16    1    1    1    1.00      3.003911626      3.373091545      6.377003171      0.982635298
   16    1    2    1    1.00      3.003911626      4.009232739      7.013144365      0.666214199
   16    2    0    1    0.10      3.582799341      1.185939248      4.768738590      0.913970964
   16    2    1    1    0.10      3.582799341      1.246364360      4.829163702      0.000000002
   16    2    2    1    0.10      3.582799341      1.178846227      4.761645568      0.930513731
   16    2    0    1    0.28      7.632803430      2.482977333     10.115780763      0.943527779
   16    2    1    1    0.28      7.632803430      2.627445785     10.260249215      0.000000003
   16    2    2    1    0.28      7.632803430      2.455899096     10.088702526      0.954149462
   16    2    0    1    1.00     20.195657366      6.444249604     26.639906970      0.973156100
   16    2    1    1    1.00     20.195657366      6.953315239     27.148972605      0.000000001
   16    2    2    1    1.00     20.195657366      6.355333607     26.550990973      0.977724333
   16    3    0    1    0.10     12.357938186      1.959863807     14.317801992      0.915189853
   16    3    1    1    0.10     12.357938186      1.901742305     14.259680490      0.920883255
   16    3    2    1    0.10     12.357938186      1.950038864     14.307977050      0.904615690
   16    3    0    1    0.28     25.734484392      4.100797067     29.835281458      0.914757914
   16    3    1    1    0.28     25.734484392      3.920468811     29.654953203      0.944307438
   16    3    2    1    0.28     25.734484392      4.076857216     29.811341608      0.911369526
   16    3    0    1    1.00     65.809710005     10.497731793     76.307441798      0.000000003
   16    3    1    1    1.00     65.809710005      9.913633985     75.723343990      0.971162705
   16    3    2    1    1.00     65.809710005     10.497393206     76.307103211      0.000000007
   16    4    0    1    0.28     62.131158240      5.522558259     67.653716499      0.942096702
   16    4    1    1    0.28     62.131158240      5.680637364     67.811795604      0.921193563
   16    4    2    1    0.28     62.131158240      5.504690469     67.635848708      0.945143473
   16    4    0    1    1.00    156.124311135     13.766659296    169.890970431      0.968679802
   16    4    1    1    1.00    156.124311135     14.347828715    170.472139850      0.000000009
   16    4    2    1    1.00    156.124311135     13.714573195    169.838884330      0.970860239
   16    5    0    1    0.28    124.362959799      7.433317998    131.796277797      0.908072475
   16    5    1    1    0.28    124.362959799      7.261530555    131.624490354      0.940809499
   16    5    2    1    0.28    124.362959799      7.419706192    131.782665991      0.909431229
   16    5    0    1    1.00    309.029966204     18.463590264    327.493556469      0.000000013
   16    5    1    1    1.00    309.029966204     17.887487196    326.917453400      0.968215863
   16    5    2    1    1.00    309.029966204     18.471952459    327.501918663      0.000000046
   16    6    0    1    0.10    110.560824905      4.802639364    115.363464270      0.910160590
   16    6    1    1    0.10    110.560824905      4.855599384    115.416424289      0.908518615
   16    6    2    1    0.10    110.560824905      4.805335047    115.366159953      0.912045665
   16    6    0    1    0.28    221.218796810      9.270105478    230.488902287      0.937953679
   16    6    1    1    0.28    221.218796810      9.428888710    230.647685519      0.928034834
   16    6    2    1    0.28    221.218796810      9.254454825    230.473251634      0.940046704
   16    6    0    1    1.00    543.795311532     22.302177605    566.097489137      0.966211892
   16    6    1    1    1.00    543.795311532     22.829538001    566.624849533      0.000000007
   16    6    2    1    1.00    543.795311532     22.266542169    566.061853701      0.967713875
   16    7    0    1    1.00    881.772653386     27.453640768    909.226294155      0.000000000
   16    7    1    1    1.00    881.772653386     27.074568455    908.847221841      0.967717821
   16    7    2    1    1.00    881.772653386     27.468817649    909.241471035      0.000000000
   17    1    0    1    0.10      0.440969985      0.563417025      1.004387010      0.000000000
   17    1    1    1    0.10      0.440969985      0.571534897      1.012504882      0.924441198
   17    1    2    1    0.10      0.440969985      0.606984710      1.047954696      0.788660504
   17    1    0    1    0.28      1.022629208      1.270340573      2.292969781      0.000000000
   17    1    1    1    0.28      1.022629208      1.231448074      2.254077282      0.957633126
   17    1    2    1    0.28      1.022629208      1.369596799      2.392226007      0.731312792
   17    1    0    1    1.00      3.003641296      3.764598238      6.768239534      0.000000000
   17    1    1    1    1.00      3.003641296      3.372910052      6.376551348      0.982667445
   17    1    2    1    1.00      3.003641296      4.009363917      7.013005213      0.666356859
   17    2    0    1    0.10      3.582692587      1.185910429      4.768603017      0.914136335
   17    2    1    1    0.10      3.582692587      1.246388928      4.829081515      0.000000003
   17    2    2    1    0.10      3.582692587      1.178795351      4.761487939      0.930649315
   17    2    0    1    0.28      7.632298904      2.482861817     10.115160721      0.943683661
   17    2    1    1    0.28      7.632298904      2.627562703     10.259861607      0.000000000
   17    2    2    1    0.28      7.632298904      2.455729881     10.088028785      0.954273169
   17    2    0    1    1.00     20.193962400      6.443848627     26.637811027      0.973225961
   17    2    1    1    1.00     20.193962400      6.953762634     27.147725034      0.000000000
   17    2    2    1    1.00     20.193962400      6.354860711     26.548823111      0.977779323
   17    3    0    1    0.10     12.357796482      1.959619800     14.317416281      0.915369131
   17    3    1    1    0.10     12.357796482      1.901253786     14.259050268      0.921159845
   17    3    2    1    0.10     12.357796482      1.949455116     14.307251598      0.904931088
   17    3    0    1    0.28     25.732573296      4.100553750     29.833127046      0.915226582
   17    3    1    1    0.28     25.732573296      3.920199971     29.652773268      0.944530312
   17    3    2    1    0.28     25.732573296      4.076673600     29.809246896      0.911774182
   17    3    0    1    1.00     65.803876736     10.498421965     76.302298701      0.000000001
   17    3    1    1    1.00     65.803876736      9.912835626     75.716712362      0.971259349
   17    3    2    1    1.00     65.803876736     10.498099774     76.301976510      0.000000000
   17    4    0    1    0.28     62.125401760      5.522033021     67.647434780      0.942462666
   17    4    1    1    0.28     62.125401760      5.680147303     67.805549062      0.921809902
   17    4    2    1    0.28     62.125401760      5.504101774     67.629503534      0.945503071
   17    4    0    1    1.00    156.108678966     13.765324178    169.874003144      0.968818058
   17    4    1    1    1.00    156.108678966     14.348881800    170.457560765      0.000000002
   17    4    2    1    1.00    156.108678966     13.713143970    169.821822935      0.970989659
   17    5    0    1    0.28    124.323185216      7.405286366    131.728471582      0.924033335
   17    5    1    1    0.28    124.323185216      7.250078557    131.573263772      0.941201219
   17    5    2    1    0.28    124.323185216      7.393127082    131.716312298      0.922604705
   17    5    0    1    1.00    308.992815307     18.465339850    327.458155157      0.000000004
   17    5    1    1    1.00    308.992815307     17.885400238    326.878215545      0.968393685
   17    5    2    1    1.00    308.992815307     18.473710825    327.466526132      0.000000003
   17    6    0    1    0.28    220.853715674      9.189924685    230.043640359      0.940146562
   17    6    1    1    0.28    220.853715674      9.375281414    230.228997088      0.889499992
   17    6    2    1    0.28    220.853715674      9.174866028    230.028581702      0.942063278
   17    6    0    1    1.00    543.709116744     22.284901706    565.994018450      0.967243808
   17    6    1    1    1.00    543.709116744     22.822834598    566.531951343      0.000000007
   17    6    2    1    1.00    543.709116744     22.249672879    565.958789623      0.968589982
   17    7    0    1    0.28    362.422702352     11.639942925    374.062645277      0.931212342
   17    7    1    1    0.28    362.422702352     11.473784776    373.896487129      0.941644831
   17    7    2    1    0.28    362.422702352     11.625301985    374.048004337      0.930636683
   17    7    0    1    1.00    880.921452253     27.459361339    908.380813592      0.000000000
   17    7    1    1    1.00    880.921452253     26.998007888    907.919460141      0.965783795
   17    7    2    1    1.00    880.921452253     27.469224626    908.390676880      0.000000006
   18    1    0    1    0.10      0.440958090      0.563429737      1.004387827      0.000000000
   18    1    1    1    0.10      0.440958090      0.571523056      1.012481147      0.924506642
   18    1    2    1    0.10      0.440958090      0.606987325      1.047945415      0.788709568
   18    1    0    1    0.28      1.022563765      1.270406043      2.292969807      0.000000000
   18    1    1    1    0.28      1.022563765      1.231399874      2.253963639      0.957698526
   18    1    2    1    0.28      1.022563765      1.369623614      2.392187379      0.731409216
   18    1    0    1    1.00      3.003404916      3.764830003      6.768234919      0.000000000
   18    1    1    1    1.00      3.003404916      3.372752890      6.376157806      0.982695510
   18    1    2    1    1.00      3.003404916      4.009479281      7.012884196      0.666481734
   18    2    0    1    0.10      3.582600793      1.185886119      4.768486912      0.914277379
   18    2    1    1    0.10      3.582600793      1.246410152      4.829010945      0.000000081
   18    2    2    1    0.10      3.582600793      1.178752283      4.761353077      0.930764210
   18    2    0    1    0.28      7.631864098      2.482763835     10.114627932      0.943817108
   18    2    1    1    0.28      7.631864098      2.627663488     10.259527586      0.000000003
   18    2    2    1    0.28      7.631864098      2.455586092     10.087450189      0.954378805
   18    2    0    1    1.00     20.192496790      6.443506669     26.636003460      0.973286320
   18    2    1    1    1.00     20.192496790      6.954148920     27.146645711      0.000000001
   18    2    2    1    1.00     20.192496790      6.354456946     26.546953736      0.977826917
   18    3    0    1    0.10     12.357349934      1.959532078     14.316882013      0.915584594
   18    3    1    1    0.10     12.357349934      1.901143985     14.258493919      0.921370648
   18    3    2    1    0.10     12.357349934      1.949343651     14.306693586      0.905185228
   18    3    0    1    0.28     25.730957273      4.100354803     29.831312076      0.915615346
   18    3    1    1    0.28     25.730957273      3.919976922     29.650934195      0.944717069
   18    3    2    1    0.28     25.730957273      4.076524951     29.807482225      0.912109785
   18    3    0    1    1.00     65.798901910     10.499007190     76.297909100      0.000000003
   18    3    1    1    1.00     65.798901910      9.912168392     75.711070301      0.971342301
   18    3    2    1    1.00     65.798901910     10.498698497     76.297600407      0.000000007
   18    4    0    1    0.28     62.120671472      5.521617466     67.642288938      0.942749239
   18    4    1    1    0.28     62.120671472      5.679760589     67.800432061      0.922311266
   18    4    2    1    0.28     62.120671472      5.503634389     67.624305860      0.945786443
   18    4    0    1    1.00    156.095604231     13.764208961    169.859813192      0.968933884
   18    4    1    1    1.00    156.095604231     14.349759340    170.445363571      0.000000010
   18    4    2    1    1.00    156.095604231     13.711951583    169.807555813      0.971097643
   18    5    0    1    0.28    124.308864702      7.402784595    131.711649297      0.923749886
   18    5    1    1    0.28    124.308864702      7.244798096    131.553662798      0.942845668
   18    5    2    1    0.28    124.308864702      7.390694414    131.699559116      0.922440442
   18    5    0    1    1.00    308.962284405     18.466707152    327.428991557      0.000000003
   18    5    1    1    1.00    308.962284405     17.883665380    326.845949785      0.968549695
   18    5    2    1    1.00    308.962284405     18.475127461    327.437411866      0.000000003
   18    6    0    1    0.28    220.544208825      9.149412807    229.693621632      0.937661945
   18    6    1    1    0.28    220.544208825      9.294526460    229.838735285      0.925017608
   18    6    2    1    0.28    220.544208825      9.134896425    229.679105250      0.939757987
   18    6    0    1    1.00    543.641000137     22.280876809    565.921876947      0.967473766
   18    6    1    1    1.00    543.641000137     22.824837849    566.465837986      0.000000007
   18    6    2    1    1.00    543.641000137     22.245129417    565.886129554      0.968788415
   18    7    0    1    0.28    361.277042451     11.526315403    372.803357854      0.000000006
   18    7    1    1    0.28    361.277042451     11.322197308    372.599239759      0.944201338
   18    7    2    1    0.28    361.277042451     11.521120583    372.798163034      0.000000002
   18    7    0    1    1.00    880.674588971     27.401345158    908.075934130      0.000000000
   18    7    1    1    1.00    880.674588971     26.918078629    907.592667601      0.967158079
   18    7    2    1    1.00    880.674588971     27.412448981    908.087037953      0.000000000
   19    1    0    1    0.10      0.440947603      0.563440992      1.004388595      0.000000000
   19    1    1    1    0.10      0.440947603      0.571512733      1.012460336      0.924563929
   19    1    2    1    0.10      0.440947603      0.606989801      1.047937404      0.788752158
   19    1    0    1    0.28      1.022506171      1.270463812      2.292969983      0.000000000
   19    1    1    1    0.28      1.022506171      1.231357805      2.253863976      0.957755796
   19    1    2    1    0.28      1.022506171      1.369647490      2.392153662      0.731493589
   19    1    0    1    1.00      3.003196544      3.765034696      6.768231240      0.000000000
   19    1    1    1    1.00      3.003196544      3.372615553      6.375812098      0.982720208
   19    1    2    1    1.00      3.003196544      4.009581489      7.012778033      0.666592019
   19    2    0    1    0.10      3.582521062      1.185865434      4.768386495      0.914399012
   19    2    1    1    0.10      3.582521062      1.246428687      4.828949749      0.000000003
   19    2    2    1    0.10      3.582521062      1.178715429      4.761236491      0.930862686
   19    2    0    1    0.28      7.631485743      2.482679689     10.114165432      0.943932571
   19    2    1    1    0.28      7.631485743      2.627751153     10.259236896      0.000000000
   19    2    2    1    0.28      7.631485743      2.455462465     10.086948208      0.954469976
   19    2    0    1    1.00     20.191217428      6.443211768     26.634429196      0.973338961
   19    2    1    1    1.00     20.191217428      6.954485621     27.145703049      0.000000000
   19    2    2    1    1.00     20.191217428      6.354108398     26.545325826      0.977868486
   19    3    0    1    0.10     12.357082075      1.959514909     14.316596984      0.915845991
   19    3    1    1    0.10     12.357082075      1.901204704     14.258286780      0.921558565
   19    3    2    1    0.10     12.357082075      1.949458481     14.306540557      0.905431286
   19    3    0    1    0.28     25.729573073      4.100188488     29.829761561      0.915941176
   19    3    1    1    0.28     25.729573073      3.919789004     29.649362077      0.944875766
   19    3    2    1    0.28     25.729573073      4.076401939     29.805975012      0.912391713
   19    3    0    1    1.00     65.794610331     10.499509829     76.294120161      0.000000001
   19    3    1    1    1.00     65.794610331      9.911601286     75.706211618      0.971413984
   19    3    2    1    1.00     65.794610331     10.499212543     76.293822875      0.000000000
   19    4    0    1    0.28     62.116720063      5.521279173     67.637999236      0.942985543
   19    4    1    1    0.28     62.116720063      5.679450492     67.796170555      0.922716060
   19    4    2    1    0.28     62.116720063      5.503253559     67.619973623      0.946019461
   19    4    0    1    1.00    156.084506720     13.763284646    169.847791366      0.969034230
   19    4    1    1    1.00    156.084506720     14.350493778    170.435000498      0.000000002
   19    4    2    1    1.00    156.084506720     13.710963412    169.795470131      0.971191233
   19    5    0    1    0.28    124.297664138      7.398151258    131.695815396      0.926881108
   19    5    1    1    0.28    124.297664138      7.243089188    131.540753327      0.943223217
   19    5    2    1    0.28    124.297664138      7.386557609    131.684221747      0.925131748
   19    5    0    1    1.00    308.937019429     18.467818894    327.404838323      0.000000004
   19    5    1    1    1.00    308.937019429     17.882163373    326.819182802      0.968678351
   19    5    2    1    1.00    308.937019429     18.476269904    327.413289333      0.000000002
   19    6    0    1    0.28    220.446479251      9.112320601    229.558799852      0.940773440
   19    6    1    1    0.28    220.446479251      9.273303827    229.719783077      0.913043622
   19    6    2    1    0.28    220.446479251      9.098785655    229.545264906      0.942504536
   19    6    0    1    1.00    543.586826195     22.278379204    565.865205399      0.967696059
   19    6    1    1    1.00    543.586826195     22.826708571    566.413534766      0.000000007
   19    6    2    1    1.00    543.586826195     22.242614797    565.829440992      0.968997752
   19    7    0    1    0.28    360.193911025     11.394629693    371.588540718      0.931274247
   19    7    1    1    0.28    360.193911025     11.235923006    371.429834031      0.940473536
   19    7    2    1    0.28    360.193911025     11.381282620    371.575193645      0.930313828
   19    7    0    1    1.00    880.472196000     27.400478302    907.872674302      0.000000009
   19    7    1    1    1.00    880.472196000     26.897764099    907.369960099      0.966952294
   19    7    2    1    1.00    880.472196000     27.412201943    907.884397942      0.000000010
   20    1    0    1    0.10      0.440938294      0.563451021      1.004389315      0.000000000
   20    1    1    1    0.10      0.440938294      0.571503659      1.012441953      0.924614466
   20    1    2    1    0.10      0.440938294      0.606992127      1.047930420      0.788789385
   20    1    0    1    0.28      1.022455118      1.270515144      2.292970262      0.000000000
   20    1    1    1    0.28      1.022455118      1.231320791      2.253775908      0.957806333
   20    1    2    1    0.28      1.022455118      1.369668870      2.392123988      0.731567929
   20    1    0    1    1.00      3.003011542      3.765216740      6.768228282      0.000000000
   20    1    1    1    1.00      3.003011542      3.372494569      6.375506111      0.982742103
   20    1    2    1    1.00      3.003011542      4.009672633      7.012684175      0.666690068
   20    2    0    1    0.10      3.582451208      1.185847612      4.768298820      0.914504934
   20    2    1    1    0.10      3.582451208      1.246444996      4.828896204      0.000000004
   20    2    2    1    0.10      3.582451208      1.178683550      4.761134758      0.930947994
   20    2    0    1    0.28      7.631153633      2.482606741     10.113760374      0.944033405
   20    2    1    1    0.28      7.631153633      2.627828103     10.258981737      0.000000003
   20    2    2    1    0.28      7.631153633      2.455355132     10.086508766      0.954549425
   20    2    0    1    1.00     20.190091305      6.442954975     26.633046281      0.973385241
   20    2    1    1    1.00     20.190091305      6.954781608     27.144872913      0.000000001
   20    2    2    1    1.00     20.190091305      6.353804613     26.543895918      0.977905079
   20    3    0    1    0.10     12.356755979      1.959496341     14.316252320      0.916046313
   20    3    1    1    0.10     12.356755979      1.901241846     14.257997826      0.921711574
   20    3    2    1    0.10     12.356755979      1.949532426     14.306288405      0.905625442
   20    3    0    1    0.28     25.728374574      4.100047693     29.828422267      0.916218894
   20    3    1    1    0.28     25.728374574      3.919628432     29.648003006      0.945012262
   20    3    2    1    0.28     25.728374574      4.076298694     29.804673268      0.912632141
   20    3    0    1    1.00     65.790871176     10.499945851     76.290817027      0.000000003
   20    3    1    1    1.00     65.790871176      9.911113889     75.701985065      0.971476528
   20    3    2    1    1.00     65.790871176     10.499658308     76.290529484      0.000000007
   20    4    0    1    0.28     62.113368352      5.520999149     67.634367501      0.943183929
   20    4    1    1    0.28     62.113368352      5.679195676     67.792564029      0.923049912
   20    4    2    1    0.28     62.113368352      5.502938191     67.616306544      0.946214617
   20    4    0    1    1.00    156.074966301     13.762502525    169.837468826      0.969120752
   20    4    1    1    1.00    156.074966301     14.351120655    170.426086957      0.000000002
   20    4    2    1    1.00    156.074966301     13.710127992    169.785094294      0.971272029
   20    5    0    1    0.28    124.289157975      7.397587845    131.686745820      0.927357139
   20    5    1    1    0.28    124.289157975      7.242376035    131.531534009      0.943610571
   20    5    2    1    0.28    124.289157975      7.386027850    131.675185824      0.925594227
   20    5    0    1    1.00    308.915722101     18.468717205    327.384439305      0.000000004
   20    5    1    1    1.00    308.915722101     17.880909658    326.796631758      0.968791624
   20    5    2    1    1.00    308.915722101     18.477201697    327.392923798      0.000000003
   20    6    0    1    1.00    543.542325918     22.276581529    565.818907448      0.967844342
   20    6    1    1    1.00    543.542325918     22.828150481    566.370476400      0.000000007
   20    6    2    1    1.00    543.542325918     22.240651501    565.782977420      0.969143567
   20    7    0    1    1.00    880.378071045     27.396924936    907.774995982      0.000000009
   20    7    1    1    1.00    880.378071045     26.884197210    907.262268256      0.967714318
   20    7    2    1    1.00    880.378071045     27.408413309    907.786484355      0.000000011
