shells filled ML   MS   omega         E(N)         E(N+1)-E(N)        E(N+1)        partialnorm(1p)
    5    2    0    1    0.28      7.645609052      2.560318679     10.205927731      0.876473571
    5    2    1    1    0.28      7.645609052      2.704537750     10.350146801      0.000207490
    5    2    2    1    0.28      7.645609052      2.584334795     10.229943846      0.916413006
    5    2    0    1    0.50     11.879581476      3.881926498     15.761507974      0.910233370
    5    2    1    1    0.50     11.879581476      4.092683580     15.972265056      0.000005243
    5    2    2    1    0.50     11.879581476      3.866285301     15.745866777      0.935262249
    5    2    0    1    1.00     20.300941121      6.501954658     26.802895779      0.944129950
    5    2    1    1    1.00     20.300941121      6.948440461     27.249381582      0.000000158
    5    2    2    1    1.00     20.300941121      6.438654793     26.739595914      0.957281473
    5    3    0    1    0.10     13.784301599      2.518247465     16.302549064      0.000000013
    5    3    1    1    0.10     13.784301599      2.435660691     16.219962290      0.812603265
    5    3    2    1    0.10     13.784301599      2.474415300     16.258716899      0.720943876
    5    3    0    1    0.28     27.176760239      4.846556076     32.023316315      0.000000001
    5    3    1    1    0.28     27.176760239      4.587951710     31.764711948      0.882017713
    5    3    2    1    0.28     27.176760239      4.761990971     31.938751210      0.766013555
    5    3    0    1    0.50     40.622866216      7.167991804     47.790858020      0.891143653
    5    3    1    1    0.50     40.622866216      6.697567197     47.320433413      0.912722114
    5    3    2    1    0.50     40.622866216      7.043864217     47.666730433      0.804251463
    5    3    0    1    1.00     67.005692979     11.538441215     78.544134195      0.000000000
    5    3    1    1    1.00     67.005692979     10.759250635     77.764943614      0.942152136
    5    3    2    1    1.00     67.005692979     11.464907042     78.470600021      0.000006329
    5    4    0    1    1.00    169.082630418     16.203684909    185.286315327      0.000000023
    5    4    1    1    1.00    169.082630418     14.726177437    183.808807855      0.000000000
    5    4    2    1    1.00    169.082630418     16.572279610    185.654910028      0.989796473
    6    2    0    1    0.10      3.485771276      1.201547805      4.687319081      0.769119599
    6    2    1    1    0.10      3.485771276      1.301668836      4.787440112      0.827716800
    6    2    2    1    0.10      3.485771276      1.233020563      4.718791839      0.816061599
    6    2    0    1    0.28      7.588860868      2.518230811     10.107091679      0.853477356
    6    2    1    1    0.28      7.588860868      2.686840789     10.275701658      0.000070573
    6    2    2    1    0.28      7.588860868      2.501442873     10.090303742      0.889819481
    6    2    0    1    0.50     11.814022052      3.844261577     15.658283629      0.898086978
    6    2    1    1    0.50     11.814022052      4.089199394     15.903221446      0.000001510
    6    2    2    1    0.50     11.814022052      3.800888349     15.614910401      0.920651753
    6    3    0    1    0.28     26.498505500      4.387869684     30.886375184      0.000000000
    6    3    1    1    0.28     26.498505500      4.246417644     30.744923144      0.896997516
    6    3    2    1    0.28     26.498505500      4.349318825     30.847824325      0.000125814
    6    3    0    1    0.50     39.989420144      6.470835421     46.460255565      0.000000000
    6    3    1    1    0.50     39.989420144      6.255432970     46.244853115      0.918697543
    6    3    2    1    0.50     39.989420144      6.443043953     46.432464098      0.000004638
    6    4    0    1    0.10     35.067078673      3.690713824     38.757792496      0.742756747
    6    4    1    1    0.10     35.067078673      3.668945323     38.736023996      0.000000061
    6    4    2    1    0.10     35.067078673      3.694870344     38.761949017      0.006099509
    6    4    0    1    0.28     67.310528693      6.831378667     74.141907360      0.863277537
    6    4    1    1    0.28     67.310528693      6.890738082     74.201266774      0.000000042
    6    4    2    1    0.28     67.310528693      6.841043175     74.151571867      0.881867576
    6    4    0    1    0.50     99.082916594      9.816268991    108.899185585      0.906038933
    6    4    1    1    0.50     99.082916594     10.045301300    109.128217894      0.000000000
    6    4    2    1    0.50     99.082916594      9.793605804    108.876522398      0.929005246
    7    1    0    1    0.28      0.997826371      1.296920868      2.294747239      0.000000000
    7    1    1    1    0.28      0.997826371      1.236237116      2.234063487      0.909598485
    7    1    2    1    0.28      0.997826371      1.366692851      2.364519222      0.579933299
    7    1    0    1    0.50      1.647771385      2.075651798      3.723423183      0.000000000
    7    1    1    1    0.50      1.647771385      1.937584608      3.585355993      0.939216601
    7    1    2    1    0.50      1.647771385      2.209784773      3.857556159      0.513889724
    7    1    0    1    1.00      3.000152205      3.768820156      6.768972361      0.000000000
    7    1    1    1    1.00      3.000152205      3.378877632      6.379029837      0.963824693
    7    1    2    1    1.00      3.000152205      4.004001323      7.004153528      0.454669567
    7    2    0    1    0.10      3.481251701      1.179296387      4.660548088      0.806417608
    7    2    1    1    0.10      3.481251701      1.269591157      4.750842858      0.716741897
    7    2    2    1    0.10      3.481251701      1.202219745      4.683471445      0.847982113
    7    2    0    1    0.28      7.583456368      2.496132628     10.079588995      0.877820373
    7    2    1    1    0.28      7.583456368      2.659877588     10.243333955      0.000080256
    7    2    2    1    0.28      7.583456368      2.477863927     10.061320295      0.904506226
    7    2    0    1    0.50     11.799882161      3.825547739     15.625429900      0.910096176
    7    2    1    1    0.50     11.799882161      4.077281468     15.877163629      0.000001591
    7    2    2    1    0.50     11.799882161      3.784055539     15.583937700      0.927900617
    7    2    0    1    1.00     20.217415284      6.463957848     26.681373131      0.943016890
    7    2    1    1    1.00     20.217415284      6.957034632     27.174449916      0.000000052
    7    2    2    1    1.00     20.217415284      6.380696682     26.598111966      0.953289345
    7    3    0    1    0.10     12.636669789      2.193806396     14.830476185      0.851113105
    7    3    1    1    0.10     12.636669789      2.102792926     14.739462715      0.823151221
    7    3    2    1    0.10     12.636669789      2.163364907     14.800034696      0.817771297
    7    3    0    1    0.28     25.925146688      4.336708227     30.261854915      0.851219038
    7    3    1    1    0.28     25.925146688      4.110215078     30.035361766      0.865948076
    7    3    2    1    0.28     25.925146688      4.282393628     30.207540316      0.832712255
    7    3    0    1    0.50     39.425006489      6.455705843     45.880712332      0.000000000
    7    3    1    1    0.50     39.425006489      6.119382767     45.544389256      0.896610262
    7    3    2    1    0.50     39.425006489      6.435113748     45.860120237      0.820317587
    7    3    0    1    1.00     65.992452368     10.608329551     76.600781918      0.000000000
    7    3    1    1    1.00     65.992452368     10.049266969     76.041719337      0.932840542
    7    3    2    1    1.00     65.992452368     10.607764485     76.600216852      0.000000736
    7    4    0    1    0.28     65.358751075      6.289872905     71.648623979      0.897212841
    7    4    1    1    0.28     65.358751075      6.263526311     71.622277386      0.000011931
    7    4    2    1    0.28     65.358751075      6.258009937     71.616761011      0.908454813
    7    4    0    1    0.50     97.129037406      9.088607024    106.217644430      0.919819807
    7    4    1    1    0.50     97.129037406      9.116365843    106.245403249      0.000000057
    7    4    2    1    0.50     97.129037406      9.034052245    106.163089651      0.931949273
    7    4    0    1    1.00    158.774918627     14.452485038    173.227403664      0.945193954
    7    4    1    1    1.00    158.774918627     14.676914505    173.451833132      0.000000006
    7    4    2    1    1.00    158.774918627     14.367811539    173.142730166      0.954111741
    7    5    0    1    0.10     74.159237293      4.785450074     78.944687367      0.000000000
    7    5    1    1    0.10     74.159237293      4.778041736     78.937279030      0.000000061
    7    5    2    1    0.10     74.159237293      4.767364281     78.926601574      0.000000000
    7    5    0    1    0.28    138.265913711      9.147055065    147.412968776      0.000000000
    7    5    1    1    0.28    138.265913711      9.200190450    147.466104161      0.000000146
    7    5    2    1    0.28    138.265913711      9.147385224    147.413298934      0.000000054
    7    5    0    1    0.50    201.210090587     13.174193463    214.384284050      0.000000000
    7    5    1    1    0.50    201.210090587     13.361963291    214.572053877      0.000000099
    7    5    2    1    0.50    201.210090587     13.192335321    214.402425908      0.000000002
    7    5    0    1    1.00    321.678032835     20.819233153    342.497265987      0.000000000
    7    5    1    1    1.00    321.678032835     20.797144661    342.475177495      0.942968372
    7    5    2    1    1.00    321.678032835     20.873300393    342.551333228      0.000000000
    8    1    0    1    0.28      0.997583672      1.297067964      2.294651636      0.000000000
    8    1    1    1    0.28      0.997583672      1.235815435      2.233399107      0.910709682
    8    1    2    1    0.28      0.997583672      1.366879576      2.364463247      0.580446471
    8    1    0    1    0.50      1.646905139      2.076406346      3.723311485      0.000000000
    8    1    1    1    0.50      1.646905139      1.936858140      3.583763279      0.940021329
    8    1    2    1    0.50      1.646905139      2.210284035      3.857189174      0.514765300
    8    1    0    1    1.00      2.998381240      3.770415955      6.768797195      0.000000000
    8    1    1    1    1.00      2.998381240      3.377556235      6.375937475      0.964235251
    8    1    2    1    1.00      2.998381240      4.004946610      7.003327850      0.455709045
    8    2    0    1    0.10      3.490617750      1.181396963      4.672014713      0.805689159
    8    2    1    1    0.10      3.490617750      1.254306207      4.744923957      0.813800210
    8    2    2    1    0.10      3.490617750      1.196082355      4.686700105      0.851386290
    8    2    0    1    0.28      7.580209349      2.493687253     10.073896603      0.880931421
    8    2    1    1    0.28      7.580209349      2.660271478     10.240480827      0.000097262
    8    2    2    1    0.28      7.580209349      2.474196519     10.054405869      0.906664680
    8    2    0    1    0.50     11.791521948      3.823315445     15.614837394      0.912385266
    8    2    1    1    0.50     11.791521948      4.079718828     15.871240776      0.000001403
    8    2    2    1    0.50     11.791521948      3.780269904     15.571791852      0.929575297
    8    2    0    1    1.00     20.201980313      6.460711632     26.662691946      0.943911810
    8    2    1    1    1.00     20.201980313      6.961500357     27.163480670      0.000000050
    8    2    2    1    1.00     20.201980313      6.375140226     26.577120539      0.953951430
    8    3    0    1    0.28     25.742581351      4.212874531     29.955455881      0.000000007
    8    3    1    1    0.28     25.742581351      4.002785851     29.745367202      0.882318023
    8    3    2    1    0.28     25.742581351      4.204729466     29.947310816      0.577085319
    8    3    0    1    0.50     39.303611274      6.311868460     45.615479734      0.000000000
    8    3    1    1    0.50     39.303611274      6.010153645     45.313764919      0.909400908
    8    3    2    1    0.50     39.303611274      6.314469853     45.618081127      0.000046179
    8    3    0    1    1.00     65.911222259     10.501909407     76.413131666      0.000000000
    8    3    1    1    1.00     65.911222259      9.954498432     75.865720691      0.939708193
    8    3    2    1    1.00     65.911222259     10.505621791     76.416844050      0.000000701
    8    4    0    1    0.10     32.110070673      3.185734381     35.295805053      0.820301590
    8    4    1    1    0.10     32.110070673      3.257522125     35.367592797      0.798556268
    8    4    2    1    0.10     32.110070673      3.166121265     35.276191938      0.846113762
    8    4    0    1    0.28     63.666406181      6.038815737     69.705221918      0.873210421
    8    4    1    1    0.28     63.666406181      6.236109573     69.902515754      0.856493158
    8    4    2    1    0.28     63.666406181      5.989247053     69.655653234      0.888652281
    8    4    0    1    0.50     95.292698801      8.829794582    104.122493382      0.900661917
    8    4    1    1    0.50     95.292698801      9.182047646    104.474746447      0.000102715
    8    4    2    1    0.50     95.292698801      8.762565609    104.055264410      0.912087290
    8    4    0    1    1.00    156.962675103     14.201339865    171.164014968      0.931302607
    8    4    1    1    1.00    156.962675103     14.753732836    171.716407938      0.000000015
    8    4    2    1    1.00    156.962675103     14.107586412    171.070261515      0.938599731
    8    5    0    1    0.50    197.435382199     11.563465671    208.998847870      0.000000000
    8    5    1    1    0.50    197.435382199     12.164637423    209.600019622      0.000002664
    8    5    2    1    0.50    197.435382199     11.596215286    209.031597486      0.000000324
    8    5    0    1    1.00    316.856295496     18.956072959    335.812368455      0.000000000
    8    5    1    1    1.00    316.856295496     19.292959608    336.149255104      0.949789539
    8    5    2    1    1.00    316.856295496     18.999495067    335.855790563      0.000000005
    9    1    0    1    0.28      0.997426452      1.297218913      2.294645366      0.000000000
    9    1    1    1    0.28      0.997426452      1.235530954      2.232957406      0.911466631
    9    1    2    1    0.28      0.997426452      1.367060085      2.364486537      0.580519344
    9    1    0    1    0.50      1.646292544      2.076994359      3.723286903      0.000000000
    9    1    1    1    0.50      1.646292544      1.936350771      3.582643315      0.940589110
    9    1    2    1    0.50      1.646292544      2.210644047      3.856936591      0.515153248
    9    1    0    1    1.00      2.997100412      3.771627743      6.768728155      0.000000000
    9    1    1    1    1.00      2.997100412      3.376657216      6.373757628      0.964534013
    9    1    2    1    1.00      2.997100412      4.005658457      7.002758869      0.456253728
    9    2    0    1    0.10      3.492504714      1.180751539      4.673256253      0.813755184
    9    2    1    1    0.10      3.492504714      1.253699607      4.746204321      0.806009152
    9    2    2    1    0.10      3.492504714      1.193470072      4.685974786      0.860006856
    9    2    0    1    0.28      7.577960579      2.493005412     10.070965991      0.883446852
    9    2    1    1    0.28      7.577960579      2.660276626     10.238237205      0.000101950
    9    2    2    1    0.28      7.577960579      2.472567172     10.050527751      0.908605185
    9    2    0    1    0.50     11.785940160      3.822241805     15.608181965      0.913856861
    9    2    1    1    0.50     11.785940160      4.081015296     15.866955457      0.000001431
    9    2    2    1    0.50     11.785940160      3.778164089     15.564104249      0.930735265
    9    2    0    1    1.00     20.191482754      6.458566516     26.650049270      0.944668366
    9    2    1    1    1.00     20.191482754      6.964372086     27.155854840      0.000000048
    9    2    2    1    1.00     20.191482754      6.372090744     26.563573498      0.954535097
    9    3    0    1    0.28     25.659996405      4.152937466     29.812933871      0.826657346
    9    3    1    1    0.28     25.659996405      3.964919844     29.624916249      0.872066127
    9    3    2    1    0.28     25.659996405      4.123097396     29.783093801      0.817428094
    9    3    0    1    0.50     39.237577365      6.310035905     45.547613270      0.000000001
    9    3    1    1    0.50     39.237577365      5.984522868     45.222100234      0.905905975
    9    3    2    1    0.50     39.237577365      6.283880452     45.521457817      0.798380673
    9    3    0    1    1.00     65.859459603     10.507780949     76.367240551      0.000000000
    9    3    1    1    1.00     65.859459603      9.942370236     75.801829838      0.939444886
    9    3    2    1    1.00     65.859459603     10.508701800     76.368161402      0.000001057
    9    4    0    1    0.28     62.946661619      5.811383141     68.758044760      0.885952139
    9    4    1    1    0.28     62.946661619      5.991576424     68.938238043      0.000010144
    9    4    2    1    0.28     62.946661619      5.779567965     68.726229584      0.897788086
    9    4    0    1    0.50     94.708580154      8.562666637    103.271246791      0.907690192
    9    4    1    1    0.50     94.708580154      8.829600089    103.538180243      0.000000972
    9    4    2    1    0.50     94.708580154      8.520340245    103.228920399      0.917550127
    9    4    0    1    1.00    156.580773877     13.912497481    170.493271358      0.936489389
    9    4    1    1    1.00    156.580773877     14.402326983    170.983100860      0.000000041
    9    4    2    1    1.00    156.580773877     13.850228201    170.431002078      0.942103836
    9    5    0    1    0.10     66.912855616      4.433741290     71.346596906      0.000000000
    9    5    1    1    0.10     66.912855616      4.447117242     71.359972858      0.685053661
    9    5    2    1    0.10     66.912855616      4.475430213     71.388285829      0.000071787
    9    5    0    1    0.28    129.746360758      8.339068731    138.085429489      0.000000000
    9    5    1    1    0.28    129.746360758      8.247286535    137.993647293      0.875656554
    9    5    2    1    0.28    129.746360758      8.391399098    138.137759856      0.000000131
    9    5    0    1    0.50    191.933246416     12.112604832    204.045851248      0.000000000
    9    5    1    1    0.50    191.933246416     11.897377196    203.830623612      0.907915836
    9    5    2    1    0.50    191.933246416     12.165324609    204.098571024      0.000000149
    9    5    0    1    1.00    312.189162802     19.272473300    331.461636102      0.000000000
    9    5    1    1    1.00    312.189162802     18.830905282    331.020068084      0.937135169
    9    5    2    1    1.00    312.189162802     19.317661546    331.506824348      0.000000009
   10    1    0    1    0.28      0.997325599      1.297279501      2.294605100      0.000000000
   10    1    1    1    0.28      0.997325599      1.235300921      2.232626520      0.912035032
   10    1    2    1    0.28      0.997325599      1.367142616      2.364468215      0.580654837
   10    1    0    1    0.50      1.645838313      2.077410039      3.723248352      0.000000000
   10    1    1    1    0.50      1.645838313      1.935995741      3.581834055      0.941009780
   10    1    2    1    0.50      1.645838313      2.210876474      3.856714787      0.515463740
   10    1    0    1    1.00      2.996132386      3.772537516      6.768669902      0.000000000
   10    1    1    1    1.00      2.996132386      3.376039989      6.372172375      0.964763016
   10    1    2    1    1.00      2.996132386      4.006148313      7.002280699      0.456650246
   10    2    0    1    0.28      7.576353858      2.492527192     10.068881051      0.884871321
   10    2    1    1    0.28      7.576353858      2.660449090     10.236802948      0.000106876
   10    2    2    1    0.28      7.576353858      2.471560270     10.047914128      0.909782730
   10    2    0    1    0.50     11.782034187      3.821290920     15.603325107      0.914927217
   10    2    1    1    0.50     11.782034187      4.081950795     15.863984983      0.000001440
   10    2    2    1    0.50     11.782034187      3.776583992     15.558618180      0.931553534
   10    2    0    1    1.00     20.184080608      6.456730674     26.640811282      0.945195385
   10    2    1    1    1.00     20.184080608      6.966467417     27.150548025      0.000000050
   10    2    2    1    1.00     20.184080608      6.369638451     26.553719059      0.954934219
   10    3    0    1    0.28     25.648418488      4.139720410     29.788138898      0.788993298
   10    3    1    1    0.28     25.648418488      3.942844390     29.591262878      0.885704769
   10    3    2    1    0.28     25.648418488      4.111468132     29.759886620      0.794860435
   10    3    0    1    0.50     39.217867152      6.302683714     45.520550866      0.000000000
   10    3    1    1    0.50     39.217867152      5.972247272     45.190114424      0.911873577
   10    3    2    1    0.50     39.217867152      6.279433080     45.497300232      0.792356367
   10    3    0    1    1.00     65.826452490     10.512284788     76.338737279      0.000000000
   10    3    1    1    1.00     65.826452490      9.937137225     75.763589716      0.940791942
   10    3    2    1    1.00     65.826452490     10.512972806     76.339425297      0.000001099
   10    4    0    1    1.00    156.270461070     13.843950345    170.114411415      0.930820458
   10    4    1    1    1.00    156.270461070     14.401941994    170.672403064      0.000000100
   10    4    2    1    1.00    156.270461070     13.793770915    170.064231985      0.937035250
   10    5    0    1    0.28    127.847522473      7.952370107    135.799892580      0.000000000
   10    5    1    1    0.28    127.847522473      7.893521252    135.741043725      0.893476002
   10    5    2    1    0.28    127.847522473      7.951533402    135.799055875      0.000002491
   10    5    0    1    0.50    190.207610669     11.597695167    201.805305836      0.000000000
   10    5    1    1    0.50    190.207610669     11.457403430    201.665014099      0.915199619
   10    5    2    1    0.50    190.207610669     11.601761622    201.809372292      0.000000294
   10    5    0    1    1.00    310.883815850     18.650987592    329.534803442      0.000000000
   10    5    1    1    1.00    310.883815850     18.299867195    329.183683045      0.940066487
   10    5    2    1    1.00    310.883815850     18.666821603    329.550637453      0.000000033
   10    6    0    1    0.50    343.679915009     15.385661762    359.065576770      0.000000000
   10    6    1    1    0.50    343.679915009     15.202625131    358.882540140      0.000000001
   10    6    2    1    0.50    343.679915009     15.345238565    359.025153573      0.888194415
   10    6    0    1    1.00    553.044015273     24.063192071    577.107207344      0.935422714
   10    6    1    1    1.00    553.044015273     24.053840937    577.097856210      0.000000000
   10    6    2    1    1.00    553.044015273     23.951918018    576.995933291      0.943002521
   11    1    0    1    0.28      0.997254948      1.297334204      2.294589152      0.000000000
   11    1    1    1    0.28      0.997254948      1.235118887      2.232373835      0.912473286
   11    1    2    1    0.28      0.997254948      1.367234266      2.364489214      0.580675535
   11    1    0    1    0.50      1.645488435      2.077744803      3.723233238      0.000000000
   11    1    1    1    0.50      1.645488435      1.935713367      3.581201802      0.941339296
   11    1    2    1    0.50      1.645488435      2.211072193      3.856560628      0.515701996
   11    1    0    1    1.00      2.995365631      3.773316988      6.768682619      0.000000000
   11    1    1    1    1.00      2.995365631      3.375561950      6.370927582      0.964948184
   11    1    2    1    1.00      2.995365631      4.006574581      7.001940213      0.457061148
   11    2    0    1    0.10      3.493982274      1.180868467      4.674850741      0.815663473
   11    2    1    1    0.10      3.493982274      1.251701582      4.745683856      0.820540036
   11    2    2    1    0.10      3.493982274      1.192642436      4.686624711      0.862093734
   11    2    0    1    0.28      7.575192927      2.492229151     10.067422078      0.885883536
   11    2    1    1    0.28      7.575192927      2.660554032     10.235746960      0.000112064
   11    2    2    1    0.28      7.575192927      2.470872359     10.046065286      0.910617713
   11    2    0    1    0.50     11.779144960      3.820649752     15.599794712      0.915693886
   11    2    1    1    0.50     11.779144960      4.082590847     15.861735807      0.000001452
   11    2    2    1    0.50     11.779144960      3.775487205     15.554632165      0.932173073
   11    2    0    1    1.00     20.178531719      6.455532478     26.634064197      0.945623300
   11    2    1    1    1.00     20.178531719      6.967959013     27.146490732      0.000000048
   11    2    2    1    1.00     20.178531719      6.367975006     26.546506725      0.955265522
   11    3    0    1    0.10     12.218507714      1.979942406     14.198450119      0.838901512
   11    3    1    1    0.10     12.218507714      1.916382318     14.134890031      0.828872512
   11    3    2    1    0.10     12.218507714      1.967634991     14.186142705      0.811911043
   11    3    0    1    0.28     25.640927912      4.120521215     29.761449127      0.837340226
   11    3    1    1    0.28     25.640927912      3.938539151     29.579467063      0.887294706
   11    3    2    1    0.28     25.640927912      4.095955981     29.736883892      0.826887992
   11    3    0    1    0.50     39.204603679      6.304203085     45.508806763      0.000000082
   11    3    1    1    0.50     39.204603679      5.969789564     45.174393243      0.913222606
   11    3    2    1    0.50     39.204603679      6.273208948     45.477812627      0.809127920
   11    3    0    1    1.00     65.803497620     10.515537036     76.319034657      0.000000000
   11    3    1    1    1.00     65.803497620      9.934210120     75.737707741      0.941357508
   11    3    2    1    1.00     65.803497620     10.516065595     76.319563215      0.000001225
   11    4    0    1    0.10     30.268188314      2.847503191     33.115691504      0.856177016
   11    4    1    1    0.10     30.268188314      2.931723607     33.199911921      0.801570410
   11    4    2    1    0.10     30.268188314      2.835919402     33.104107715      0.848672051
   11    4    0    1    0.28     62.136880624      5.611522147     67.748402771      0.879288468
   11    4    1    1    0.28     62.136880624      5.820094637     67.956975261      0.718700914
   11    4    2    1    0.28     62.136880624      5.596434468     67.733315092      0.887706126
   11    4    0    1    0.50     94.096265573      8.387233020    102.483498592      0.905286001
   11    4    1    1    0.50     94.096265573      8.728910557    102.825176129      0.000491261
   11    4    2    1    0.50     94.096265573      8.362319512    102.458585085      0.912402440
   11    4    0    1    1.00    156.192550403     13.799354167    169.991904570      0.935489927
   11    4    1    1    1.00    156.192550403     14.366204008    170.558754411      0.000000095
   11    4    2    1    1.00    156.192550403     13.750944416    169.943494819      0.940377642
   11    5    0    1    0.10     63.625889707      4.137934380     67.763824087      0.822192662
   11    5    1    1    0.10     63.625889707      4.069872733     67.695762440      0.838770803
   11    5    2    1    0.10     63.625889707      4.126308631     67.752198338      0.821710222
   11    5    0    1    0.28    126.137896726      7.900866917    134.038763643      0.866307569
   11    5    1    1    0.28    126.137896726      7.708022149    133.845918874      0.880095726
   11    5    2    1    0.28    126.137896726      7.875207832    134.013104558      0.855375877
   11    5    0    1    0.50    188.579148649     11.615507791    200.194656440      0.837348262
   11    5    1    1    0.50    188.579148649     11.274471570    199.853620218      0.903000912
   11    5    2    1    0.50    188.579148649     11.580873076    200.160021724      0.855089224
   11    5    0    1    1.00    309.618335892     18.681936743    328.300272635      0.000000000
   11    5    1    1    1.00    309.618335892     18.144206996    327.762542888      0.931128601
   11    5    2    1    1.00    309.618335892     18.682733293    328.301069185      0.000000183
   11    6    0    1    0.50    342.028817995     14.518500580    356.547318576      0.000000000
   11    6    1    1    0.50    342.028817995     14.046087239    356.074905234      0.000000000
   11    6    2    1    0.50    342.028817995     14.529959836    356.558777831      0.874782763
   11    6    0    1    1.00    549.571008595     23.205741857    572.776750452      0.940592028
   11    6    1    1    1.00    549.571008595     23.154219637    572.725228232      0.000000001
   11    6    2    1    1.00    549.571008595     23.131524242    572.702532838      0.946132171
   11    7    0    1    1.00    903.315814467     29.034161309    932.349975776      0.000000000
   11    7    1    1    1.00    903.315814467     29.483830777    932.799645245      0.000000000
   11    7    2    1    1.00    903.315814467     29.128436092    932.444250559      0.000000000
   12    1    0    1    0.28      0.997204886      1.297363920      2.294568807      0.000000000
   12    1    1    1    0.28      0.997204886      1.234967069      2.232171955      0.912815792
   12    1    2    1    0.28      0.997204886      1.367306031      2.364510917      0.580702040
   12    1    0    1    0.50      1.645211960      2.077999743      3.723211703      0.000000000
   12    1    1    1    0.50      1.645211960      1.935461279      3.580673239      0.941600203
   12    1    2    1    0.50      1.645211960      2.211230665      3.856442625      0.515889160
   12    1    0    1    1.00      2.994760522      3.773891262      6.768651783      0.000000000
   12    1    1    1    1.00      2.994760522      3.375103362      6.369863883      0.965091623
   12    1    2    1    1.00      2.994760522      4.006881476      7.001641997      0.457327550
   12    2    0    1    0.10      3.494374097      1.180874558      4.675248655      0.816375830
   12    2    1    1    0.10      3.494374097      1.251581422      4.745955519      0.821221578
   12    2    2    1    0.10      3.494374097      1.192376473      4.686750569      0.862877333
   12    2    0    1    0.28      7.574310864      2.491993743     10.066304607      0.886629913
   12    2    1    1    0.28      7.574310864      2.660630238     10.234941102      0.000114922
   12    2    2    1    0.28      7.574310864      2.470290225     10.044601089      0.911227384
   12    2    0    1    0.50     11.776924049      3.820197523     15.597121572      0.916292049
   12    2    1    1    0.50     11.776924049      4.083085359     15.860009408      0.000001354
   12    2    2    1    0.50     11.776924049      3.774670643     15.551594692      0.932642454
   12    2    0    1    1.00     20.174245101      6.454553028     26.628798129      0.945952278
   12    2    1    1    1.00     20.174245101      6.969121943     27.143367044      0.000000048
   12    2    2    1    1.00     20.174245101      6.366635786     26.540880887      0.955521865
   12    3    0    1    0.10     12.218206104      1.976637977     14.194844081      0.829439231
   12    3    1    1    0.10     12.218206104      1.911067242     14.129273346      0.841006120
   12    3    2    1    0.10     12.218206104      1.964172780     14.182378884      0.799087308
   12    3    0    1    0.28     25.636212023      4.119567866     29.755779889      0.840046018
   12    3    1    1    0.28     25.636212023      3.937071550     29.573283573      0.889574660
   12    3    2    1    0.28     25.636212023      4.095182274     29.731394298      0.829184419
   12    3    0    1    0.50     39.194885527      6.305146538     45.500032065      0.000000283
   12    3    1    1    0.50     39.194885527      5.968474922     45.163360449      0.914205328
   12    3    2    1    0.50     39.194885527      6.272153495     45.467039022      0.812821837
   12    3    0    1    1.00     65.786246692     10.517817322     76.304064015      0.000000000
   12    3    1    1    1.00     65.786246692      9.932254076     75.718500769      0.941859484
   12    3    2    1    1.00     65.786246692     10.518428056     76.304674749      0.000001268
   12    4    0    1    0.10     30.108550255      2.796379894     32.904930150      0.828174773
   12    4    1    1    0.10     30.108550255      2.860952551     32.969502806      0.840416527
   12    4    2    1    0.10     30.108550255      2.786175155     32.894725410      0.826163142
   12    4    0    1    0.28     62.012452982      5.576168500     67.588621482      0.872680062
   12    4    1    1    0.28     62.012452982      5.739603133     67.752056115      0.841828334
   12    4    2    1    0.28     62.012452982      5.557848202     67.570301184      0.881328871
   12    4    0    1    0.50     94.020430277      8.368457010    102.388887287      0.904103557
   12    4    1    1    0.50     94.020430277      8.672846704    102.693276981      0.824652495
   12    4    2    1    0.50     94.020430277      8.339621936    102.360052213      0.911013060
   12    4    0    1    1.00    156.137169889     13.793288020    169.930457908      0.936035889
   12    4    1    1    1.00    156.137169889     14.370001963    170.507171852      0.000000148
   12    4    2    1    1.00    156.137169889     13.742707275    169.879877163      0.940672786
   12    5    0    1    0.28    125.320954600      7.748762803    133.069717403      0.000000001
   12    5    1    1    0.28    125.320954600      7.528013187    132.848967787      0.888731113
   12    5    2    1    0.28    125.320954600      7.737299047    133.058253646      0.000434481
   12    5    0    1    0.50    187.995254000     11.399830140    199.395084139      0.000000000
   12    5    1    1    0.50    187.995254000     11.083515445    199.078769445      0.908585495
   12    5    2    1    0.50    187.995254000     11.397114661    199.392368661      0.000009089
   12    5    0    1    1.00    309.314176951     18.509766799    327.823943750      0.000000000
   12    5    1    1    1.00    309.314176951     17.980521524    327.294698474      0.935359348
   12    5    2    1    1.00    309.314176951     18.518030823    327.832207774      0.000000181
   12    6    0    1    0.28    226.632234154      9.984130458    236.616364612      0.875051757
   12    6    1    1    0.28    226.632234154     10.087456014    236.719690168      0.000000050
   12    6    2    1    0.28    226.632234154      9.967597695    236.599831849      0.885813200
   12    6    0    1    0.50    335.723213003     14.436982095    350.160195098      0.904736170
   12    6    1    1    0.50    335.723213003     14.647463478    350.370676481      0.000000011
   12    6    2    1    0.50    335.723213003     14.407695464    350.130908467      0.912582612
   12    6    0    1    1.00    546.136012541     22.914629713    569.050642253      0.932467024
   12    6    1    1    1.00    546.136012541     23.306873094    569.442885635      0.000000002
   12    6    2    1    1.00    546.136012541     22.864764413    569.000776954      0.937641003
   13    1    0    1    0.28      0.997168208      1.297390803      2.294559011      0.000000000
   13    1    1    1    0.28      0.997168208      1.234840015      2.232008223      0.913100850
   13    1    2    1    0.28      0.997168208      1.367374307      2.364542516      0.580736744
   13    1    0    1    0.50      1.644988986      2.078214574      3.723203560      0.000000000
   13    1    1    1    0.50      1.644988986      1.935274675      3.580263661      0.941808096
   13    1    2    1    0.50      1.644988986      2.211366452      3.856355438      0.516034992
   13    1    0    1    1.00      2.994277369      3.774316816      6.768594184      0.000000000
   13    1    1    1    1.00      2.994277369      3.374731658      6.369009027      0.965206778
   13    1    2    1    1.00      2.994277369      4.007081489      7.001358858      0.457599620
   13    2    0    1    0.10      3.494738944      1.180915039      4.675653983      0.816960111
   13    2    1    1    0.10      3.494738944      1.251531728      4.746270672      0.821688396
   13    2    2    1    0.10      3.494738944      1.192160933      4.686899876      0.863505896
   13    2    0    1    0.28      7.573628314      2.491805031     10.065433345      0.887227435
   13    2    1    1    0.28      7.573628314      2.660677953     10.234306267      0.000116858
   13    2    2    1    0.28      7.573628314      2.469853294     10.043481608      0.911712208
   13    2    0    1    0.50     11.775169954      3.819827753     15.594997707      0.916762566
   13    2    1    1    0.50     11.775169954      4.083460263     15.858630216      0.000001589
   13    2    2    1    0.50     11.775169954      3.774005461     15.549175415      0.933009382
   13    2    0    1    1.00     20.170831355      6.453868051     26.624699406      0.946221275
   13    2    1    1    1.00     20.170831355      6.970027405     27.140858760      0.000000058
   13    2    2    1    1.00     20.170831355      6.365697541     26.536528896      0.955738280
   13    3    0    1    0.10     12.220171303      1.969715678     14.189886981      0.848345538
   13    3    1    1    0.10     12.220171303      1.910117747     14.130289050      0.841298843
   13    3    2    1    0.10     12.220171303      1.959478281     14.179649583      0.818382742
   13    3    0    1    0.28     25.632638266      4.118406841     29.751045107      0.843187830
   13    3    1    1    0.28     25.632638266      3.936495699     29.569133965      0.890574371
   13    3    2    1    0.28     25.632638266      4.094346984     29.726985250      0.831739907
   13    3    0    1    0.50     39.187506765      6.305897103     45.493403868      0.000000111
   13    3    1    1    0.50     39.187506765      5.967416823     45.154923588      0.914949344
   13    3    2    1    0.50     39.187506765      6.271485377     45.458992142      0.815010755
   13    3    0    1    1.00     65.773142830     10.519520347     76.292663178      0.000000000
   13    3    1    1    1.00     65.773142830      9.930433765     75.703576595      0.942228349
   13    3    2    1    1.00     65.773142830     10.520148943     76.293291773      0.000001335
   13    4    0    1    0.10     29.999445729      2.752979245     32.752424974      0.845430883
   13    4    1    1    0.10     29.999445729      2.822787792     32.822233520      0.802316170
   13    4    2    1    0.10     29.999445729      2.742422946     32.741868675      0.842612784
   13    4    0    1    0.28     61.988346988      5.550862119     67.539209107      0.883562689
   13    4    1    1    0.28     61.988346988      5.725871068     67.714218056      0.819540469
   13    4    2    1    0.28     61.988346988      5.533572975     67.521919962      0.890282728
   13    4    0    1    0.50     93.994820252      8.357269041    102.352089293      0.908678772
   13    4    1    1    0.50     93.994820252      8.668535266    102.663355518      0.818934737
   13    4    2    1    0.50     93.994820252      8.329612367    102.324432619      0.914779745
   13    4    0    1    1.00    156.096879044     13.789720603    169.886599648      0.936849934
   13    4    1    1    1.00    156.096879044     14.373404646    170.470283690      0.000000174
   13    4    2    1    1.00    156.096879044     13.739107038    169.835986083      0.941399823
   13    5    0    1    0.10     61.815226751      3.912102146     65.727328897      0.851714861
   13    5    1    1    0.10     61.815226751      3.843835092     65.659061843      0.846179621
   13    5    2    1    0.10     61.815226751      3.901070791     65.716297542      0.841944617
   13    5    0    1    0.28    124.627010062      7.614381263    132.241391325      0.858592138
   13    5    1    1    0.28    124.627010062      7.433966632    132.060976693      0.875151686
   13    5    2    1    0.28    124.627010062      7.591881491    132.218891553      0.852746802
   13    5    0    1    0.50    187.504695645     11.324342696    198.829038341      0.836211187
   13    5    1    1    0.50    187.504695645     11.009170839    198.513866485      0.900691477
   13    5    2    1    0.50    187.504695645     11.295550250    198.800245896      0.845458052
   13    5    0    1    1.00    309.074302955     18.508075129    327.582378085      0.000000000
   13    5    1    1    1.00    309.074302955     17.942194840    327.016497796      0.933114921
   13    5    2    1    1.00    309.074302955     18.517626023    327.591928979      0.000001992
   13    6    0    1    1.00    545.073139644     22.570796008    567.643935651      0.935695001
   13    6    1    1    1.00    545.073139644     22.955663941    568.028803585      0.000000006
   13    6    2    1    1.00    545.073139644     22.525909976    567.599049620      0.939595220
   13    7    0    1    1.00    888.136711208     28.174138647    916.310849855      0.000000000
   13    7    1    1    1.00    888.136711208     28.128870931    916.265582138      0.935353665
   13    7    2    1    1.00    888.136711208     28.206627718    916.343338926      0.000000001
   14    1    0    1    0.28      0.997139636      1.297410359      2.294549995      0.000000000
   14    1    1    1    0.28      0.997139636      1.234734553      2.231874189      0.913333605
   14    1    2    1    0.28      0.997139636      1.367420329      2.364559965      0.580689976
   14    1    0    1    0.50      1.644803890      2.078390199      3.723194089      0.000000000
   14    1    1    1    0.50      1.644803890      1.935123041      3.579926931      0.941985035
   14    1    2    1    0.50      1.644803890      2.211480751      3.856284641      0.516144991
   14    1    0    1    1.00      2.993865035      3.774713208      6.768578244      0.000000000
   14    1    1    1    1.00      2.993865035      3.374507905      6.368372940      0.965306082
   14    1    2    1    1.00      2.993865035      4.007302948      7.001167983      0.457763315
   14    2    0    1    0.10      3.495022414      1.180924794      4.675947208      0.817426124
   14    2    1    1    0.10      3.495022414      1.251484998      4.746507413      0.822015699
   14    2    2    1    0.10      3.495022414      1.191976470      4.686998885      0.863977497
   14    2    0    1    0.28      7.573082966      2.491648078     10.064731044      0.887702672
   14    2    1    1    0.28      7.573082966      2.660714524     10.233797489      0.000118042
   14    2    2    1    0.28      7.573082966      2.469518911     10.042601877      0.912106503
   14    2    0    1    0.50     11.773748459      3.819547623     15.593296082      0.917129061
   14    2    1    1    0.50     11.773748459      4.083762224     15.857510682      0.000001471
   14    2    2    1    0.50     11.773748459      3.773550683     15.547299142      0.933313859
   14    2    0    1    1.00     20.168048614      6.453235348     26.621283962      0.946448873
   14    2    1    1    1.00     20.168048614      6.970770749     27.138819363      0.000000046
   14    2    2    1    1.00     20.168048614      6.364909440     26.532958054      0.955906590
   14    3    0    1    0.10     12.220813533      1.969474438     14.190287971      0.848668388
   14    3    1    1    0.10     12.220813533      1.909569385     14.130382918      0.843837433
   14    3    2    1    0.10     12.220813533      1.959268201     14.180081734      0.818186639
   14    3    0    1    0.28     25.629871213      4.117893537     29.747764750      0.844407539
   14    3    1    1    0.28     25.629871213      3.936007441     29.565878654      0.891329406
   14    3    2    1    0.28     25.629871213      4.093979930     29.723851143      0.832935527
   14    3    0    1    0.50     39.181743897      6.306445991     45.488189888      0.000000183
   14    3    1    1    0.50     39.181743897      5.966660381     45.148404278      0.915516191
   14    3    2    1    0.50     39.181743897      6.270921797     45.452665694      0.816753101
   14    3    0    1    1.00     65.762784588     10.520788696     76.283573284      0.000000000
   14    3    1    1    1.00     65.762784588      9.929185495     75.691970083      0.942549127
   14    3    2    1    1.00     65.762784588     10.521463857     76.284248445      0.000001370
   14    4    0    1    0.10     29.968517289      2.733539807     32.702057096      0.836333174
   14    4    1    1    0.10     29.968517289      2.788676347     32.757193636      0.835050316
   14    4    2    1    0.10     29.968517289      2.723211690     32.691728980      0.836765439
   14    4    0    1    0.28     61.972314951      5.544236448     67.516551398      0.884653548
   14    4    1    1    0.28     61.972314951      5.703825331     67.676140282      0.850201405
   14    4    2    1    0.28     61.972314951      5.526886438     67.499201389      0.891340757
   14    4    0    1    0.50     93.976182840      8.354736502    102.330919342      0.909722864
   14    4    1    1    0.50     93.976182840      8.660734866    102.636917706      0.834655081
   14    4    2    1    0.50     93.976182840      8.326997904    102.303180744      0.915764830
   14    4    0    1    1.00    156.066552700     13.787568352    169.854121051      0.937291992
   14    4    1    1    1.00    156.066552700     14.375790761    170.442343461      0.000000190
   14    4    2    1    1.00    156.066552700     13.736309256    169.802861956      0.941817089
   14    5    0    1    0.10     61.239501195      3.847644022     65.087145217      0.819192416
   14    5    1    1    0.10     61.239501195      3.763953936     65.003455131      0.859501068
   14    5    2    1    0.10     61.239501195      3.835386066     65.074887260      0.800136577
   14    5    0    1    0.28    124.345210905      7.555332662    131.900543567      0.775607288
   14    5    1    1    0.28    124.345210905      7.350378414    131.695589319      0.883080555
   14    5    2    1    0.28    124.345210905      7.537286415    131.882497321      0.785109229
   14    5    0    1    0.50    187.367021884     11.283055696    198.650077581      0.748689345
   14    5    1    1    0.50    187.367021884     10.945488435    198.312510319      0.907403419
   14    5    2    1    0.50    187.367021884     11.260080236    198.627102120      0.788721616
   14    5    0    1    1.00    308.992570858     18.494067000    327.486637858      0.000000000
   14    5    1    1    1.00    308.992570858     17.916657618    326.909228476      0.935939477
   14    5    2    1    1.00    308.992570858     18.503324297    327.495895154      0.000001641
   14    6    0    1    0.10    112.531005672      5.047815011    117.578820682      0.841252559
   14    6    1    1    0.10    112.531005672      5.106268840    117.637274512      0.826734137
   14    6    2    1    0.10    112.531005672      5.033846038    117.564851710      0.848113190
   14    6    0    1    0.28    222.710301175      9.553985708    232.264286883      0.880561284
   14    6    1    1    0.28    222.710301175      9.721200648    232.431501823      0.865914712
   14    6    2    1    0.28    222.710301175      9.527002473    232.237303648      0.886874669
   14    6    0    1    0.50    332.421395102     13.969405255    346.390800357      0.902356619
   14    6    1    1    0.50    332.421395102     14.270867339    346.692262441      0.844343974
   14    6    2    1    0.50    332.421395102     13.934716884    346.356111986      0.907656800
   14    6    0    1    1.00    544.077222703     22.467728510    566.544951213      0.930076776
   14    6    1    1    1.00    544.077222703     22.963969151    567.041191854      0.000000020
   14    6    2    1    1.00    544.077222703     22.421179964    566.498402667      0.933725119
   14    7    0    1    1.00    885.280188633     27.635595354    912.915783987      0.000000000
   14    7    1    1    1.00    885.280188633     27.558408614    912.838597247      0.939127455
   14    7    2    1    1.00    885.280188633     27.658091276    912.938279909      0.000000003
   15    1    0    1    0.28      0.997117174      1.297426792      2.294543966      0.000000000
   15    1    1    1    0.28      0.997117174      1.234659400      2.231776574      0.913526651
   15    1    2    1    0.28      0.997117174      1.367461553      2.364578727      0.580689128
   15    1    0    1    0.50      1.644648538      2.078541108      3.723189646      0.000000000
   15    1    1    1    0.50      1.644648538      1.935003520      3.579652058      0.942132080
   15    1    2    1    0.50      1.644648538      2.211557148      3.856205686      0.516245768
   15    1    0    1    1.00      2.993516601      3.775051893      6.768568495      0.000000000
   15    1    1    1    1.00      2.993516601      3.374234987      6.367751588      0.965393410
   15    1    2    1    1.00      2.993516601      4.007512183      7.001028784      0.457923608
   15    2    0    1    0.28      7.572639517      2.491539430     10.064178947      0.888100064
   15    2    1    1    0.28      7.572639517      2.660735075     10.233374591      0.000120428
   15    2    2    1    0.28      7.572639517      2.469222276     10.041861793      0.912413035
   15    2    0    1    0.50     11.772575499      3.819300931     15.591876430      0.917436738
   15    2    1    1    0.50     11.772575499      4.084008767     15.856584266      0.000001464
   15    2    2    1    0.50     11.772575499      3.773116778     15.545692278      0.933559832
   15    2    0    1    1.00     20.165738976      6.452870024     26.618609000      0.946642944
   15    2    1    1    1.00     20.165738976      6.971373959     27.137112935      0.000000045
   15    2    2    1    1.00     20.165738976      6.364264816     26.530003792      0.956054169
   15    3    0    1    0.28     25.627676927      4.117500789     29.745177716      0.845341023
   15    3    1    1    0.28     25.627676927      3.935674776     29.563351703      0.891920577
   15    3    2    1    0.28     25.627676927      4.093700764     29.721377691      0.833838555
   15    3    0    1    0.50     39.177111120      6.306878382     45.483989503      0.000000168
   15    3    1    1    0.50     39.177111120      5.966037140     45.143148261      0.915970065
   15    3    2    1    0.50     39.177111120      6.270522055     45.447633175      0.818033161
   15    3    0    1    1.00     65.754413145     10.521802134     76.276215279      0.000000000
   15    3    1    1    1.00     65.754413145      9.928150956     75.682564101      0.942807320
   15    3    2    1    1.00     65.754413145     10.522509664     76.276922810      0.000001508
   15    4    0    1    0.28     61.964521123      5.541561737     67.506082860      0.887454404
   15    4    1    1    0.28     61.964521123      5.702685597     67.667206720      0.851183186
   15    4    2    1    0.28     61.964521123      5.524430296     67.488951418      0.893760845
   15    4    0    1    0.50     93.961896489      8.353536680    102.315433169      0.910547072
   15    4    1    1    0.50     93.961896489      8.659574830    102.621471319      0.837563984
   15    4    2    1    0.50     93.961896489      8.325580047    102.287476536      0.916534929
   15    4    0    1    1.00    156.042483915     13.785830088    169.828314003      0.937680034
   15    4    1    1    1.00    156.042483915     14.377615382    170.420099297      0.000000187
   15    4    2    1    1.00    156.042483915     13.734403837    169.776887752      0.942187627
   15    5    2    1    0.10     60.885525585      3.759478927     64.645004512      0.838510047
   15    5    0    1    0.28    124.153315573      7.472840863    131.626156436      0.853078740
   15    5    1    1    0.28    124.153315573      7.311725402    131.465040975      0.877351920
   15    5    2    1    0.28    124.153315573      7.458869824    131.612185397      0.848731162
   15    5    0    1    0.50    187.272899224     11.226836944    198.499736168      0.845813255
   15    5    1    1    0.50    187.272899224     10.926812701    198.199711925      0.906689631
   15    5    2    1    0.50    187.272899224     11.205852473    198.478751697      0.849537674
   15    5    0    1    1.00    308.930727271     18.497222309    327.427949581      0.000000000
   15    5    1    1    1.00    308.930727271     17.911692226    326.842419497      0.936440158
   15    5    2    1    1.00    308.930727271     18.506031228    327.436758499      0.000007332
   15    6    1    1    0.28    221.732360479      9.614903450    231.347263929      0.603191645
   15    6    2    1    0.28    221.732360479      9.369924698    231.102285176      0.893020607
   15    6    0    1    0.50    331.792891283     13.807524211    345.600415494      0.907210736
   15    6    1    1    0.50    331.792891283     14.131255544    345.924146826      0.000002389
   15    6    2    1    0.50    331.792891283     13.781556674    345.574447957      0.911622461
   15    6    0    1    1.00    543.809513764     22.354673101    566.164186864      0.933757862
   15    6    1    1    1.00    543.809513764     22.870423535    566.679937298      0.000000024
   15    6    2    1    1.00    543.809513764     22.317195392    566.126709156      0.936734574
   15    7    1    1    0.28    366.516481464     11.897188228    378.413669692      0.879098128
   15    7    2    1    0.28    366.516481464     11.994028759    378.510510223      0.000000332
   15    7    1    1    0.50    543.001817907     17.217703113    560.219521020      0.907447050
   15    7    2    1    0.50    543.001817907     17.423304438    560.425122345      0.000000070
   15    7    0    1    1.00    882.461161627     27.713579460    910.174741087      0.000000000
   15    7    1    1    1.00    882.461161627     27.359427331    909.820588958      0.932914979
   15    7    2    1    1.00    882.461161627     27.735566649    910.196728276      0.000000008