shells filled ML   MS   omega         E(N)         E(N+1)-E(N)        E(N+1)        partialnorm(1p)
    8    2    0    1    0.28     14.325235572      4.712460254     19.037695826      0.880837156
    8    2    1    1    0.28     14.325235572      5.027571142     19.352806714      0.000098171
    8    2    2    1    0.28     14.325235572      4.675908616     19.001144189      0.906686317
    8    2    0    1    1.00     20.201969654      6.460719708     26.662689363      0.943911614
    8    2    1    1    1.00     20.201969654      6.961527501     27.163497156      0.000000054
    8    2    2    1    1.00     20.201969654      6.375202791     26.577172445      0.953964946
    8    3    0    1    0.28     48.648860952      7.961772727     56.610633678      0.000000001
    8    3    1    1    0.28     48.648860952      7.564232292     56.213093244      0.882300505
    8    3    2    1    0.28     48.648860952      7.945919650     56.594780601      0.583943800
    8    3    0    1    1.00     65.911185955     10.501918283     76.413104239      0.000000000
    8    3    1    1    1.00     65.911185955      9.954427046     75.865613001      0.939717691
    8    3    2    1    1.00     65.911185955     10.505635328     76.416821284      0.000000682
    8    4    0    1    0.28    120.318116238     11.412837772    131.730954010      0.873183212
    8    4    1    1    0.28    120.318116238     11.785694088    132.103810326      0.856447609
    8    4    2    1    0.28    120.318116238     11.319208602    131.637324839      0.888653941
    8    4    0    1    1.00    156.962597518     14.201449000    171.164046518      0.931323948
    8    4    1    1    1.00    156.962597518     14.753724752    171.716322270      0.000000016
    8    4    2    1    1.00    156.962597518     14.107734074    171.070331592      0.938623834
    9    2    0    1    0.28     14.320986371      4.711189651     19.032176021      0.883359749
    9    2    1    1    0.28     14.320986371      5.027567460     19.348553830      0.000101309
    9    2    2    1    0.28     14.320986371      4.672849574     18.993835945      0.908637939
    9    2    0    1    1.00     20.191471546      6.458569595     26.650041141      0.944665925
    9    2    1    1    1.00     20.191471546      6.964407590     27.155879136      0.000000052
    9    2    2    1    1.00     20.191471546      6.372143540     26.563615086      0.954550630
    9    3    0    1    0.28     48.492790441      7.848286779     56.341077220      0.826859941
    9    3    1    1    0.28     48.492790441      7.492757069     55.985547511      0.872019276
    9    3    2    1    0.28     48.492790441      7.791845745     56.284636187      0.817462464
    9    3    0    1    1.00     65.859422901     10.507824406     76.367247307      0.000000000
    9    3    1    1    1.00     65.859422901      9.942374176     75.801797077      0.939456614
    9    3    2    1    1.00     65.859422901     10.508753379     76.368176280      0.000001044
    9    4    0    1    0.28    118.957916396     10.982531105    129.940447501      0.885982934
    9    4    1    1    0.28    118.957916396     11.323051454    130.280967850      0.000010331
    9    4    2    1    0.28    118.957916396     10.922439181    129.880355577      0.897847356
    9    4    0    1    1.00    156.580691071     13.912488230    170.493179301      0.936512334
    9    4    1    1    1.00    156.580691071     14.402288991    170.982980062      0.000000041
    9    4    2    1    1.00    156.580691071     13.850241613    170.430932684      0.942131594
   10    2    0    1    0.28     14.317949827      4.710285663     19.028235490      0.884786619
   10    2    1    1    0.28     14.317949827      5.027892669     19.345842496      0.000106554
   10    2    2    1    0.28     14.317949827      4.670927798     18.988877624      0.909815737
   10    2    0    1    1.00     20.184069340      6.456797689     26.640867030      0.945198043
   10    2    1    1    1.00     20.184069340      6.966501489     27.150570830      0.000000052
   10    2    2    1    1.00     20.184069340      6.369705277     26.553774618      0.954947118
   10    3    0    1    0.28     48.470908723      7.823357117     56.294265840      0.789256645
   10    3    1    1    0.28     48.470908723      7.451133430     55.922042153      0.885670434
   10    3    2    1    0.28     48.470908723      7.769895071     56.240803794      0.794903861
   10    3    0    1    1.00     65.826419453     10.512339773     76.338759226      0.000000000
   10    3    1    1    1.00     65.826419453      9.937168587     75.763588040      0.940804360
   10    3    2    1    1.00     65.826419453     10.513035404     76.339454857      0.000001090
   10    4    0    1    0.28    117.830850821     10.772157774    128.603008595      0.867764279
   10    4    1    1    0.28    117.830850821     11.122766978    128.953617800      0.850304165
   10    4    2    1    0.28    117.830850821     10.744999599    128.575850421      0.878326490
   10    4    0    1    1.00    156.270383442     13.843886288    170.114269730      0.930831942
   10    4    1    1    1.00    156.270383442     14.401950287    170.672333729      0.000000099
   10    4    2    1    1.00    156.270383442     13.793753138    170.064136581      0.937054794
   11    2    0    1    0.28     14.315755797      4.709721073     19.025476870      0.885800281
   11    2    1    1    0.28     14.315755797      5.028089991     19.343845788      0.000111396
   11    2    2    1    0.28     14.315755797      4.669574254     18.985330051      0.910648573
   11    2    0    1    1.00     20.178520176      6.455606937     26.634127112      0.945625869
   11    2    1    1    1.00     20.178520176      6.968000474     27.146520649      0.000000051
   11    2    2    1    1.00     20.178520176      6.368050061     26.546570237      0.955278372
   11    3    0    1    0.28     48.456754974      7.787103292     56.243858266      0.837542077
   11    3    1    1    0.28     48.456754974      7.443074081     55.899829055      0.887258827
   11    3    2    1    0.28     48.456754974      7.740632952     56.197387927      0.826920767
   11    3    0    1    1.00     65.803465188     10.515596038     76.319061226      0.000000000
   11    3    1    1    1.00     65.803465188      9.934272219     75.737737407      0.941369698
   11    3    2    1    1.00     65.803465188     10.516132220     76.319597408      0.000001199
   11    4    0    1    0.28    117.427553066     10.604311396    128.031864461      0.879285202
   11    4    1    1    0.28    117.427553066     10.998647271    128.426200337      0.719272308
   11    4    2    1    0.28    117.427553066     10.575920711    128.003473777      0.887732170
   11    4    0    1    1.00    156.192468490     13.799333406    169.991801895      0.935505465
   11    4    1    1    1.00    156.192468490     14.366259214    170.558727703      0.000000097
   11    4    2    1    1.00    156.192468490     13.750950994    169.943419484      0.940397711
   12    2    0    1    0.28     14.314089011      4.709288046     19.023377057      0.886551719
   12    2    1    1    0.28     14.314089011      5.028231448     19.342320459      0.000114619
   12    2    2    1    0.28     14.314089011      4.668517040     18.982606051      0.911263244
   12    2    0    1    1.00     20.174233735      6.454642809     26.628876544      0.945957079
   12    2    1    1    1.00     20.174233735      6.969163586     27.143397321      0.000000051
   12    2    2    1    1.00     20.174233735      6.366742243     26.540975977      0.955534233
   12    3    0    1    0.28     48.447841358      7.785305324     56.233146681      0.840240576
   12    3    1    1    0.28     48.447841358      7.440287808     55.888129165      0.889539769
   12    3    2    1    0.28     48.447841358      7.739177990     56.187019348      0.829227025
   12    3    0    1    1.00     65.786213032     10.517880651     76.304093682      0.000000000
   12    3    1    1    1.00     65.786213032      9.932301407     75.718514439      0.941870543
   12    3    2    1    1.00     65.786213032     10.518501660     76.304714692      0.000001268
   12    4    0    1    0.28    117.192425776     10.537776052    127.730201828      0.872660388
   12    4    1    1    0.28    117.192425776     10.846794555    128.039220332      0.841924689
   12    4    2    1    0.28    117.192425776     10.503181927    127.695607703      0.881327584
   12    4    0    1    1.00    156.137086673     13.793312854    169.930399527      0.936054008
   12    4    1    1    1.00    156.137086673     14.370092554    170.507179227      0.000000146
   12    4    2    1    1.00    156.137086673     13.742738345    169.879825018      0.940693633
   13    2    0    1    0.28     14.312797918      4.708939843     19.021737762      0.887147164
   13    2    1    1    0.28     14.312797918      5.028324768     19.341122686      0.000116722
   13    2    2    1    0.28     14.312797918      4.667700470     18.980498389      0.911746784
   13    2    0    1    1.00     20.170818311      6.453931671     26.624749982      0.946227288
   13    2    1    1    1.00     20.170818311      6.970071030     27.140889341      0.000000054
   13    2    2    1    1.00     20.170818311      6.365769553     26.536587865      0.955747179
   13    3    0    1    0.28     48.441087668      7.783107084     56.224194752      0.843384639
   13    3    1    1    0.28     48.441087668      7.439200523     55.880288191      0.890539288
   13    3    2    1    0.28     48.441087668      7.737617076     56.178704744      0.831776928
   13    3    0    1    1.00     65.773108534     10.519586402     76.292694936      0.000000000
   13    3    1    1    1.00     65.773108534      9.930557085     75.703665619      0.942244464
   13    3    2    1    1.00     65.773108534     10.520226764     76.293335299      0.000001343
   13    4    0    1    0.28    117.146871578     10.490030044    127.636901622      0.883553553
   13    4    1    1    0.28    117.146871578     10.820879581    127.967751159      0.819654946
   13    4    2    1    0.28    117.146871578     10.457376910    127.604248488      0.890283756
   13    4    0    1    1.00    156.096794720     13.789762788    169.886557509      0.936868511
   13    4    1    1    1.00    156.096794720     14.373510180    170.470304900      0.000000164
   13    4    2    1    1.00    156.096794720     13.739181865    169.835976585      0.941420214
   14    2    0    1    0.28     14.311767354      4.708663586     19.020430940      0.887622318
   14    2    1    1    0.28     14.311767354      5.028390872     19.340158226      0.000118268
   14    2    2    1    0.28     14.311767354      4.667054680     18.978822034      0.912133601
   14    2    0    1    1.00     20.168035630      6.453340660     26.621376290      0.946449603
   14    2    1    1    1.00     20.168035630      6.970809551     27.138845181      0.000000050
   14    2    2    1    1.00     20.168035630      6.364978019     26.533013649      0.955918969
   14    3    0    1    0.28     48.435858482      7.782144201     56.218002684      0.844605070
   14    3    1    1    0.28     48.435858482      7.438317312     55.874175794      0.891294783
   14    3    2    1    0.28     48.435858482      7.736924558     56.172783041      0.832978183
   14    3    0    1    1.00     65.762751001     10.520854069     76.283605070      0.000000000
   14    3    1    1    1.00     65.762751001      9.929295806     75.692046807      0.942562466
   14    3    2    1    1.00     65.762751001     10.521541429     76.284292430      0.000001403
   14    4    0    1    0.28    117.116576710     10.477623349    127.594200059      0.884643726
   14    4    1    1    0.28    117.116576710     10.779289772    127.895866481      0.850301620
   14    4    2    1    0.28    117.116576710     10.444851452    127.561428162      0.891342039
   14    4    0    1    1.00    156.066468979     13.787630905    169.854099883      0.937311092
   14    4    1    1    1.00    156.066468979     14.375899828    170.442368807      0.000000181
   14    4    2    1    1.00    156.066468979     13.736414369    169.802883348      0.941838233
   15    2    0    1    0.28     14.310929715      4.708446298     19.019376012      0.888014436
   15    2    1    1    0.28     14.310929715      5.028430511     19.339360226      0.000120084
   15    2    2    1    0.28     14.310929715      4.666509445     18.977439159      0.912444798
   15    2    0    1    1.00     20.165726037      6.452901652     26.618627689      0.946636715
   15    2    1    1    1.00     20.165726037      6.971414748     27.137140785      0.000000050
   15    2    2    1    1.00     20.165726037      6.364337801     26.530063838      0.956064753
   15    3    0    1    0.28     48.431712002      7.781402303     56.213114305      0.845532333
   15    3    1    1    0.28     48.431712002      7.437671233     55.869383235      0.891886243
   15    3    2    1    0.28     48.431712002      7.736391432     56.168103433      0.833885453
   15    3    0    1    1.00     65.754374187     10.521876601     76.276250788      0.000000000
   15    3    1    1    1.00     65.754374187      9.928254212     75.682628399      0.942820435
   15    3    2    1    1.00     65.754374187     10.522593236     76.276967422      0.000001480
   15    4    0    1    0.28    117.101847666     10.472550963    127.574398629      0.887446304
   15    4    1    1    0.28    117.101847666     10.777147709    127.878995375      0.851287148
   15    4    2    1    0.28    117.101847666     10.440196425    127.542044091      0.893761537
   15    4    0    1    1.00    156.042399932     13.785949063    169.828348995      0.937698977
   15    4    1    1    1.00    156.042399932     14.377731496    170.420131429      0.000000191
   15    4    2    1    1.00    156.042399932     13.734533304    169.776933236      0.942207574
   16    2    0    1    0.28     14.310234591      4.708269097     19.018503688      0.888335414
   16    2    1    1    0.28     14.310234591      5.028455761     19.338690352      0.000121760
   16    2    2    1    0.28     14.310234591      4.666052364     18.976286955      0.912706019
   16    2    0    1    1.00     20.163779342      6.452502581     26.616281923      0.946787605
   16    2    1    1    1.00     20.163779342      6.971922190     27.135701532      0.000000052
   16    2    2    1    1.00     20.163779342      6.363804195     26.527583537      0.956187356
   16    3    0    1    0.28     48.428349314      7.780842499     56.209191812      0.846256102
   16    3    1    1    0.28     48.428349314      7.437146558     55.865495871      0.892359544
   16    3    2    1    0.28     48.428349314      7.735989986     56.164339299      0.834612117
   16    3    0    1    1.00     65.747459386     10.522697331     76.270156718      0.000000000
   16    3    1    1    1.00     65.747459386      9.927436290     75.674895676      0.943037814
   16    3    2    1    1.00     65.747459386     10.523437947     76.270897334      0.000001517
   16    4    0    1    0.28    117.090479689     10.471216024    127.561695713      0.888240834
   16    4    1    1    0.28    117.090479689     10.773044501    127.863524190      0.855235621
   16    4    2    1    0.28    117.090479689     10.438665015    127.529144704      0.894553886
   16    4    0    1    1.00    156.023215985     13.784474082    169.807690067      0.938008904
   16    4    1    1    1.00    156.023215985     14.379133043    170.402349028      0.000000201
   16    4    2    1    1.00    156.023215985     13.732847406    169.756063391      0.942493795
   17    2    0    1    0.28     14.309649496      4.708113106     19.017762601      0.888611292
   17    2    1    1    0.28     14.309649496      5.028473031     19.338122527      0.000120443
   17    2    2    1    0.28     14.309649496      4.665693599     18.975343095      0.912924221
   17    2    0    1    1.00     20.162116671      6.452174583     26.614291255      0.946919861
   17    2    1    1    1.00     20.162116671      6.972353886     27.134470557      0.000000051
   17    2    2    1    1.00     20.162116671      6.363366574     26.525483245      0.956293208
   17    3    0    1    0.28     48.425566606      7.780384766     56.205951372      0.846831225
   17    3    1    1    0.28     48.425566606      7.436704900     55.862271505      0.892745856
   17    3    2    1    0.28     48.425566606      7.735659073     56.161225679      0.835176686
   17    3    0    1    1.00     65.741651872     10.523380985     76.265032857      0.000000000
   17    3    1    1    1.00     65.741651872      9.926749811     75.668401682      0.943221555
   17    3    2    1    1.00     65.741651872     10.524140222     76.265792094      0.000001561
   17    4    0    1    0.28    117.081361737     10.470321462    127.551683199      0.888908544
   17    4    1    1    0.28    117.081361737     10.772108553    127.853470291      0.856167840
   17    4    2    1    0.28    117.081361737     10.437612376    127.518974113      0.895208945
   17    4    0    1    1.00    156.007485922     13.783330201    169.790816123      0.938275954
   17    4    1    1    1.00    156.007485922     14.380220803    170.387706725      0.000000227
   17    4    2    1    1.00    156.007485922     13.731563821    169.739049743      0.942741662
   18    2    0    1    0.28     14.309150592      4.707986070     19.017136662      0.888845621
   18    2    1    1    0.28     14.309150592      5.028485052     19.337635644      0.000122071
   18    2    2    1    0.28     14.309150592      4.665377453     18.974528046      0.913117934
   18    2    0    1    1.00     20.160680839      6.451921375     26.612602214      0.947035409
   18    2    1    1    1.00     20.160680839      6.972725006     27.133405845      0.000000051
   18    2    2    1    1.00     20.160680839      6.362959139     26.523639978      0.956384100
   18    3    0    1    0.28     48.423231227      7.780016496     56.203247723      0.847293674
   18    3    1    1    0.28     48.423231227      7.436346965     55.859578192      0.893075066
   18    3    2    1    0.28     48.423231227      7.735396342     56.158627569      0.835647865
   18    3    0    1    1.00     65.736707290     10.523955599     76.260662889      0.000000000
   18    3    1    1    1.00     65.736707290      9.926179750     75.662887040      0.943379116
   18    3    2    1    1.00     65.736707290     10.524731687     76.261438977      0.000001604
   18    4    0    1    0.28    117.073901367     10.469604964    127.543506331      0.889423952
   18    4    1    1    0.28    117.073901367     10.771375022    127.845276388      0.856923909
   18    4    2    1    0.28    117.073901367     10.436795407    127.510696774      0.895718514
   18    4    0    1    1.00    155.994363881     13.782355007    169.776718888      0.938498062
   18    4    1    1    1.00    155.994363881     14.381117410    170.375481291      0.000000227
   18    4    2    1    1.00    155.994363881     13.730486120    169.724850001      0.942949082
   19    2    0    1    0.28     14.308719551      4.707853489     19.016573040      0.889045663
   19    2    1    1    0.28     14.308719551      5.028489866     19.337209417      0.000123222
   19    2    2    1    0.28     14.308719551      4.665062432     18.973781983      0.913274326
   19    2    0    1    1.00     20.159428973      6.451666028     26.611095001      0.947135894
   19    2    1    1    1.00     20.159428973      6.973047249     27.132476222      0.000000050
   19    2    2    1    1.00     20.159428973      6.362637706     26.522066679      0.956463664
   19    3    0    1    0.28     48.421242735      7.779704207     56.200946942      0.847678286
   19    3    1    1    0.28     48.421242735      7.436038090     55.857280825      0.893349832
   19    3    2    1    0.28     48.421242735      7.735181133     56.156423868      0.836037051
   19    3    0    1    1.00     65.732447569     10.524444617     76.256892186      0.000000000
   19    3    1    1    1.00     65.732447569      9.925700152     75.658147721      0.943514999
   19    3    2    1    1.00     65.732447569     10.525235616     76.257683184      0.000001646
   19    4    0    1    0.28    117.067702194     10.469062733    127.536764927      0.889843185
   19    4    1    1    0.28    117.067702194     10.770795478    127.838497672      0.857517012
   19    4    2    1    0.28    117.067702194     10.436122211    127.503824406      0.896133768
   19    4    0    1    1.00    155.983247948     13.781557846    169.764805794      0.938690283
   19    4    1    1    1.00    155.983247948     14.381855557    170.365103505      0.000000236
   19    4    2    1    1.00    155.983247948     13.729598764    169.712846712      0.943127714
   20    2    0    1    0.28     14.308344362      4.707750990     19.016095352      0.889222154
   20    2    1    1    0.28     14.308344362      5.028489782     19.336834144      0.000125041
   20    2    2    1    0.28     14.308344362      4.664830182     18.973174543      0.913416078
   20    2    0    1    1.00     20.158328165      6.451463894     26.609792059      0.947223331
   20    2    1    1    1.00     20.158328165      6.973330249     27.131658414      0.000000051
   20    2    2    1    1.00     20.158328165      6.362334499     26.520662664      0.956534934
   20    3    0    1    0.28     48.419531646      7.779439322     56.198970968      0.847997156
   20    3    1    1    0.28     48.419531646      7.435766592     55.855298238      0.893587499
   20    3    2    1    0.28     48.419531646      7.735003465     56.154535111      0.836366253
   20    3    0    1    1.00     65.728740405     10.524866634     76.253607039      0.000000000
   20    3    1    1    1.00     65.728740405      9.925282220     75.654022625      0.943633735
   20    3    2    1    1.00     65.728740405     10.525669817     76.254410222      0.000001701
   20    4    1    1    0.28    117.062462791     10.770322092    127.832784882      0.857993413
   20    4    2    1    1.00    155.973705479     13.728860498    169.702565977      0.943282077

