shells filled ML   MS   omega         E(N)         E(N-1)-E(N)        E(N-1)        partialnorm(1h)
    8    2    0    1    0.28     14.325235572     -3.631369061     10.693866511      0.758693026
    8    2    1    1    0.28     14.325235572     -3.858489962     10.466745610      0.919560073
    8    2    2    1    0.28     14.325235572     -3.549058244     10.776177328      0.000000000
    8    2    0    1    1.00     20.201969654     -4.668795659     15.533173995      0.697571077
    8    2    1    1    1.00     20.201969654     -5.208209145     14.993760509      0.957742403
    8    2    2    1    1.00     20.201969654     -4.605964037     15.596005617      0.000000000
    8    3    0    1    0.28     48.648860952     -6.771511719     41.877349233      0.908673210
    8    3    1    1    0.28     48.648860952     -6.519982675     42.128878277      0.775848544
    8    3    2    1    0.28     48.648860952     -6.751167054     41.897693897      0.895197674
    8    3    0    1    1.00     65.911185955     -8.843329804     57.067856151      0.950944824
    8    3    1    1    1.00     65.911185955     -8.280559408     57.630626547      0.745287920
    8    3    2    1    1.00     65.911185955     -8.795870982     57.115314973      0.947108602
    8    4    0    1    0.28    120.318116238    -10.172058043    110.146058194      0.834453237
    8    4    1    1    0.28    120.318116238    -10.375148376    109.942967862      0.904024625
    8    4    2    1    0.28    120.318116238    -10.156723248    110.161392989      0.826055810
    8    4    0    1    1.00    156.962597518    -12.368176041    144.594421477      0.818303936
    8    4    1    1    1.00    156.962597518    -12.897152629    144.065444889      0.945849200
    8    4    2    1    1.00    156.962597518    -12.327429190    144.635168328      0.813334462
    9    2    0    1    0.28     14.320986371     -3.629511455     10.691474915      0.760118325
    9    2    1    1    0.28     14.320986371     -3.857364448     10.463621923      0.920394411
    9    2    2    1    0.28     14.320986371     -3.547606937     10.773379433      0.000000000
    9    2    0    1    1.00     20.191471546     -4.663587490     15.527884055      0.699632890
    9    2    1    1    1.00     20.191471546     -5.204671294     14.986800252      0.958300465
    9    2    2    1    1.00     20.191471546     -4.600491891     15.590979655      0.000000000
    9    3    0    1    0.28     48.492790441     -6.697898438     41.794892004      0.912680911
    9    3    1    1    0.28     48.492790441     -6.456645224     42.036145218      0.788329051
    9    3    2    1    0.28     48.492790441     -6.681207611     41.811582830      0.900492841
    9    3    0    1    1.00     65.859422901     -8.828825989     57.030596912      0.950958736
    9    3    1    1    1.00     65.859422901     -8.262586275     57.596836626      0.749760462
    9    3    2    1    1.00     65.859422901     -8.782615809     57.076807092      0.947714165
    9    4    0    1    0.28    118.957916396     -9.902786947    109.055129449      0.783533953
    9    4    1    1    0.28    118.957916396    -10.183065352    108.774851045      0.895320987
    9    4    2    1    0.28    118.957916396     -9.912342808    109.045573588      0.754846465
    9    4    0    1    1.00    156.580691071    -12.284977085    144.295713986      0.766159064
    9    4    1    1    1.00    156.580691071    -12.829261304    143.751429767      0.944714806
    9    4    2    1    1.00    156.580691071    -12.254251122    144.326439949      0.766411732
   10    2    0    1    0.28     14.317949827     -3.628024487     10.689925340      0.761041732
   10    2    1    1    0.28     14.317949827     -3.856417240     10.461532586      0.920968617
   10    2    2    1    0.28     14.317949827     -3.546589845     10.771359982      0.000000000
   10    2    0    1    1.00     20.184069340     -4.659918940     15.524150400      0.700992350
   10    2    1    1    1.00     20.184069340     -5.202238446     14.981830894      0.958683252
   10    2    2    1    1.00     20.184069340     -4.596647744     15.587421596      0.000000000
   10    3    0    1    0.28     48.470908723     -6.691301463     41.779607260      0.913101507
   10    3    1    1    0.28     48.470908723     -6.447493789     42.023414935      0.790688645
   10    3    2    1    0.28     48.470908723     -6.673337837     41.797570887      0.901781071
   10    3    0    1    1.00     65.826419453     -8.822810048     57.003609405      0.951740031
   10    3    1    1    1.00     65.826419453     -8.254025767     57.572393685      0.753315987
   10    3    2    1    1.00     65.826419453     -8.775917386     57.050502067      0.948621121
   10    4    0    1    0.28    117.830850821     -9.727155959    108.103694862      0.811437078
   10    4    1    1    0.28    117.830850821     -9.966700803    107.864150019      0.897488777
   10    4    2    1    0.28    117.830850821     -9.714407243    108.116443579      0.795521375
   10    4    0    1    1.00    156.270383442    -12.209596103    144.060787339      0.785659956
   10    4    1    1    1.00    156.270383442    -12.750272583    143.520110859      0.946676931
   10    4    2    1    1.00    156.270383442    -12.177081434    144.093302008      0.788898195
   11    2    0    1    0.28     14.315755797     -3.627041514     10.688714282      0.761647072
   11    2    1    1    0.28     14.315755797     -3.855814174     10.459941623      0.921366745
   11    2    2    1    0.28     14.315755797     -3.545796060     10.769959737      0.000000000
   11    2    0    1    1.00     20.178520176     -4.657205687     15.521314489      0.701951411
   11    2    1    1    1.00     20.178520176     -5.200462758     14.978057418      0.958965947
   11    2    2    1    1.00     20.178520176     -4.593815739     15.584704437      0.000000000
   11    3    0    1    0.28     48.456754974     -6.687324803     41.769430171      0.913429595
   11    3    1    1    0.28     48.456754974     -6.442298248     42.014456727      0.791366293
   11    3    2    1    0.28     48.456754974     -6.668965591     41.787789384      0.902274081
   11    3    0    1    1.00     65.803465188     -8.818822275     56.984642913      0.952255308
   11    3    1    1    1.00     65.803465188     -8.248499024     57.554966164      0.755373986
   11    3    2    1    1.00     65.803465188     -8.771763884     57.031701304      0.949208510
   11    4    0    1    0.28    117.427553066     -9.607353898    107.820199168      0.813963951
   11    4    1    1    0.28    117.427553066     -9.864488529    107.563064537      0.902928912
   11    4    2    1    0.28    117.427553066     -9.603034429    107.824518637      0.794539957
   11    4    0    1    1.00    156.192468490    -12.193754171    143.998714319      0.789620360
   11    4    1    1    1.00    156.192468490    -12.738463151    143.454005339      0.947497856
   11    4    2    1    1.00    156.192468490    -12.161180772    144.031287718      0.792435755
   12    2    0    1    0.28     14.314089011     -3.626236746     10.687852265      0.762115104
   12    2    1    1    0.28     14.314089011     -3.855373023     10.458715988      0.921678172
   12    2    2    1    0.28     14.314089011     -3.545237622     10.768851389      0.000000000
   12    2    0    1    1.00     20.174233735     -4.655070365     15.519163370      0.702671827
   12    2    1    1    1.00     20.174233735     -5.199094580     14.975139155      0.959178560
   12    2    2    1    1.00     20.174233735     -4.591625662     15.582608073      0.000000000
   12    3    0    1    0.28     48.447841358     -6.686062061     41.761779297      0.913989817
   12    3    1    1    0.28     48.447841358     -6.440272623     42.007568735      0.792359094
   12    3    2    1    0.28     48.447841358     -6.667244416     41.780596941      0.903010298
   12    3    0    1    1.00     65.786213032     -8.816078090     56.970134942      0.952626030
   12    3    1    1    1.00     65.786213032     -8.244567171     57.541645861      0.756894873
   12    3    2    1    1.00     65.786213032     -8.768707638     57.017505394      0.949631345
   12    4    0    1    0.28    117.192425776     -9.548660980    107.643764796      0.821764480
   12    4    1    1    0.28    117.192425776     -9.787814905    107.404610872      0.907255689
   12    4    2    1    0.28    117.192425776     -9.540309833    107.652115943      0.807877227
   12    4    0    1    1.00    156.137086673    -12.183512338    143.953574335      0.792528795
   12    4    1    1    1.00    156.137086673    -12.730254609    143.406832064      0.947838586
   12    4    2    1    1.00    156.137086673    -12.150852132    143.986234541      0.795049547
   13    2    0    1    0.28     14.312797918     -3.625657301     10.687140617      0.762471041
   13    2    1    1    0.28     14.312797918     -3.855010400     10.457787518      0.921900888
   13    2    2    1    0.28     14.312797918     -3.544789628     10.768008290      0.000000000
   13    2    0    1    1.00     20.170818311     -4.653374131     15.517444181      0.703227573
   13    2    1    1    1.00     20.170818311     -5.198003823     14.972814488      0.959345591
   13    2    2    1    1.00     20.170818311     -4.589888729     15.580929583      0.000000000
   13    3    0    1    0.28     48.441087668     -6.685093698     41.755993971      0.914415352
   13    3    1    1    0.28     48.441087668     -6.438798747     42.002288922      0.793088155
   13    3    2    1    0.28     48.441087668     -6.666009040     41.775078628      0.903572566
   13    3    0    1    1.00     65.773108534     -8.814010959     56.959097575      0.952906762
   13    3    1    1    1.00     65.773108534     -8.241615962     57.531492572      0.757987031
   13    3    2    1    1.00     65.773108534     -8.766457078     57.006651456      0.949942075
   13    4    0    1    0.28    117.146871578     -9.532714701    107.614156876      0.823574755
   13    4    1    1    0.28    117.146871578     -9.774414041    107.372457537      0.907773064
   13    4    2    1    0.28    117.146871578     -9.524627818    107.622243760      0.809607866
   13    4    0    1    1.00    156.096794720    -12.177732522    143.919062198      0.794746411
   13    4    1    1    1.00    156.096794720    -12.725796401    143.370998319      0.948359182
   13    4    2    1    1.00    156.096794720    -12.144865589    143.951929132      0.797201463
   14    2    0    1    0.28     14.311767354     -3.625164964     10.686602390      0.762735133
   14    2    1    1    0.28     14.311767354     -3.854741671     10.457025683      0.922084360
   14    2    2    1    0.28     14.311767354     -3.544448509     10.767318845      0.000000000
   14    2    0    1    1.00     20.168035630     -4.651999675     15.516035955      0.703668711
   14    2    1    1    1.00     20.168035630     -5.197072534     14.970963096      0.959485136
   14    2    2    1    1.00     20.168035630     -4.588475924     15.579559706      0.000000000
   14    3    0    1    0.28     48.435858482     -6.684363597     41.751494885      0.914735847
   14    3    1    1    0.28     48.435858482     -6.437647185     41.998211297      0.793631051
   14    3    2    1    0.28     48.435858482     -6.665088648     41.770769835      0.903980480
   14    3    0    1    1.00     65.762751001     -8.812469038     56.950281963      0.953119323
   14    3    1    1    1.00     65.762751001     -8.239338515     57.523412486      0.758795579
   14    3    2    1    1.00     65.762751001     -8.764729664     56.998021337      0.950182389
   14    4    0    1    0.28    117.116576710     -9.523940785    107.592635924      0.823988344
   14    4    1    1    0.28    117.116576710     -9.765360808    107.351215902      0.908284645
   14    4    2    1    0.28    117.116576710     -9.515473697    107.601103013      0.810408276
   14    4    0    1    1.00    156.066468979    -12.173650017    143.892818961      0.796176614
   14    4    1    1    1.00    156.066468979    -12.722687277    143.343781701      0.948721974
   14    4    2    1    1.00    156.066468979    -12.140677068    143.925791911      0.798576990
   15    2    0    1    0.28     14.310929715     -3.624771921     10.686157794      0.762968421
   15    2    1    1    0.28     14.310929715     -3.854479161     10.456450554      0.922237246
   15    2    2    1    0.28     14.310929715     -3.544173167     10.766756548      0.000000000
   15    2    0    1    1.00     20.165726037     -4.650845881     15.514880155      0.704025621
   15    2    1    1    1.00     20.165726037     -5.196345257     14.969380780      0.959596438
   15    2    2    1    1.00     20.165726037     -4.587306185     15.578419852      0.000000000
   15    3    0    1    0.28     48.431712002     -6.683793722     41.747918279      0.914987107
   15    3    1    1    0.28     48.431712002     -6.436753207     41.994958794      0.794037197
   15    3    2    1    0.28     48.431712002     -6.664366548     41.767345454      0.904309936
   15    3    0    1    1.00     65.754374187     -8.811202009     56.943172178      0.953292074
   15    3    1    1    1.00     65.754374187     -8.237487343     57.516886843      0.759441019
   15    3    2    1    1.00     65.754374187     -8.763329649     56.991044538      0.950373545
   15    4    0    1    0.28    117.101847666     -9.521888294    107.579959372      0.824743314
   15    4    1    1    0.28    117.101847666     -9.763719655    107.338128011      0.908699657
   15    4    2    1    0.28    117.101847666     -9.513164819    107.588682847      0.811274036
   15    4    0    1    1.00    156.042399932    -12.170587052    143.871812880      0.797299499
   15    4    1    1    1.00    156.042399932    -12.720314384    143.322085548      0.949005008
   15    4    2    1    1.00    156.042399932    -12.137502788    143.904897144      0.799641250
   16    2    0    1    0.28     14.310234591     -3.624423853     10.685810737      0.763147628
   16    2    1    1    0.28     14.310234591     -3.854346808     10.455887783      0.922368441
   16    2    2    1    0.28     14.310234591     -3.543949276     10.766285315      0.000000000
   16    2    0    1    1.00     20.163779342     -4.649867918     15.513911424      0.704321294
   16    2    1    1    1.00     20.163779342     -5.195740884     14.968038458      0.959691336
   16    2    2    1    1.00     20.163779342     -4.586322696     15.577456647      0.000000000
   16    3    0    1    0.28     48.428349314     -6.683342354     41.745006959      0.915189193
   16    3    1    1    0.28     48.428349314     -6.436053448     41.992295865      0.794368248
   16    3    2    1    0.28     48.428349314     -6.663792544     41.764556769      0.904568630
   16    3    0    1    1.00     65.747459386     -8.810171526     56.937287860      0.953429891
   16    3    1    1    1.00     65.747459386     -8.235971895     57.511487491      0.759949629
   16    3    2    1    1.00     65.747459386     -8.762203778     56.985255609      0.950529678
   16    4    0    1    0.28    117.090479689     -9.520427126    107.570052564      0.825237240
   16    4    1    1    0.28    117.090479689     -9.762563043    107.327916646      0.909055776
   16    4    2    1    0.28    117.090479689     -9.511503597    107.578976092      0.811871195
   16    4    0    1    1.00    156.023215985    -12.168195059    143.855020926      0.798138086
   16    4    1    1    1.00    156.023215985    -12.718473511    143.304742474      0.949226331
   16    4    2    1    1.00    156.023215985    -12.135020692    143.888195293      0.800447216
