shells filled ML   MS   omega         E(N)         E(N-1)-E(N)        E(N-1)        partialnorm(1h)
    8    2    0    1    0.10      2.973585861     -0.753231866      2.220353995      0.738993723
    8    2    1    1    0.10      2.973585861     -0.798652369      2.174933492      0.913923566
    8    2    2    1    0.10      2.973585861     -0.734934255      2.238651606      0.000000000
    8    2    0    1    0.28      6.412357973     -1.521162722      4.891195250      0.709572042
    8    2    1    1    0.28      6.412357973     -1.683338588      4.729019385      0.957750967
    8    2    0    1    1.00     17.290647669     -3.579948838     13.710698830      0.670098553
    8    2    1    1    1.00     17.290647669     -4.316481219     12.974166449      0.986367338
    8    2    2    1    1.00     17.290647669     -3.512734156     13.777913513      0.000000000
    8    3    0    1    0.10      9.890030443     -1.359807919      8.530222525      0.887525905
    8    3    1    1    0.10      9.890030443     -1.294340413      8.595690030      0.775560304
    8    3    2    1    0.10      9.890030443     -1.338739102      8.551291342      0.908037263
    8    3    0    1    0.28     21.033477083     -2.831570033     18.201907050      0.939617912
    8    3    1    1    0.28     21.033477083     -2.653981045     18.379496039      0.758447756
    8    3    2    1    0.28     21.033477083     -2.795841195     18.237635888      0.946971569
    8    3    0    1    1.00     55.346562448     -7.221859506     48.124702942      0.978443341
    8    3    1    1    1.00     55.346562448     -6.498317525     48.848244923      0.717459516
    8    3    2    1    1.00     55.346562448     -7.148813343     48.197749105      0.979900539
    8    4    0    1    0.10     23.992572746     -2.028680839     21.963891907      0.864635398
    8    4    1    1    0.10     23.992572746     -2.086797581     21.905775165      0.929099023
    8    4    2    1    0.10     23.992572746     -2.003963795     21.988608950      0.000169275
    8    4    0    1    0.28     49.737997054     -3.924612335     45.813384719      0.874510140
    8    4    1    1    0.28     49.737997054     -4.092303133     45.645693921      0.950269338
    8    4    2    1    0.28     49.737997054     -3.877952517     45.860044537      0.873363167
    8    4    0    1    1.00    128.797511472     -9.533129970    119.264381502      0.835036303
    8    4    1    1    1.00    128.797511472    -10.196260239    118.601251233      0.975995508
    8    4    2    1    1.00    128.797511472     -9.510817503    119.286693969      0.015498974
    8    5    0    1    0.10     47.475331265     -3.220054841     44.255276423      0.918056471
    8    5    1    1    0.10     47.475331265     -3.412786577     44.062544688      0.000003296
    8    5    2    1    0.10     47.475331265     -3.302373102     44.172958163      0.000025585
    8    5    0    1    0.28     95.434372067     -5.975349963     89.459022103      0.943461441
    8    5    1    1    0.28     95.434372067     -6.076459188     89.357912879      0.000025329
    8    5    2    1    0.28     95.434372067     -5.927165310     89.507206757      0.948517905
    8    5    0    1    1.00    252.687613991    -13.822102796    238.865511196      0.976412590
    8    5    1    1    1.00    252.687613991    -13.343355609    239.344258382      0.000252278
    8    5    2    1    1.00    252.687613991    -13.730394454    238.957219537      0.978225456
    8    6    0    1    0.10     93.418982855     -5.204850196     88.214132659      0.746811714
    8    6    1    1    0.10     93.418982855     -5.125258203     88.293724652      0.000000000
    8    6    2    1    0.10     93.418982855     -5.358523061     88.060459794      0.000000074
    8    6    0    1    0.28    188.577374092     -8.053456647    180.523917445      0.959414239
    8    6    1    1    0.28    188.577374092     -8.221739666    180.355634426      0.977869483
    8    6    2    1    0.28    188.577374092     -8.125088666    180.452285427      0.000041208
    8    6    0    1    1.00    445.431061262    -17.349683750    428.081377512      0.972447485
    8    6    1    1    1.00    445.431061262    -18.042151386    427.388909876      0.988332817
    8    6    2    1    1.00    445.431061262    -17.259862367    428.171198895      0.001768721
    9    2    0    1    0.10      2.973306317     -0.753091245      2.220215071      0.739517588
    9    2    1    1    0.10      2.973306317     -0.798505321      2.174800995      0.913890232
    9    2    2    1    0.10      2.973306317     -0.734735240      2.238571077      0.000000000
    9    2    0    1    0.28      6.411969614     -1.520984251      4.890985362      0.709972858
    9    2    1    1    0.28      6.411969614     -1.683037912      4.728931702      0.957727845
    9    2    2    1    0.28      6.411969614     -1.484086127      4.927883487      0.000000000
    9    2    0    1    1.00     17.290178787     -3.579755089     13.710423697      0.670411114
    9    2    1    1    1.00     17.290178787     -4.316302983     12.973875803      0.986370269
    9    2    2    1    1.00     17.290178787     -3.512450293     13.777728493      0.000000000
    9    3    0    1    0.10      9.837878295     -1.337393474      8.500484821      0.888463469
    9    3    1    1    0.10      9.837878295     -1.279766884      8.558111411      0.787240437
    9    3    2    1    0.10      9.837878295     -1.321019981      8.516858314      0.904978132
    9    3    0    1    0.28     21.015133836     -2.822464042     18.192669794      0.939558229
    9    3    1    1    0.28     21.015133836     -2.646132001     18.369001835      0.761783179
    9    3    2    1    0.28     21.015133836     -2.787876537     18.227257299      0.945984375
    9    3    0    1    1.00     55.344816354     -7.221337735     48.123478620      0.978393711
    9    3    1    1    1.00     55.344816354     -6.497633715     48.847182640      0.717673430
    9    3    2    1    1.00     55.344816354     -7.148416798     48.196399557      0.979796223
    9    4    0    1    0.10     23.727419808     -1.973272794     21.754147014      0.718490070
    9    4    1    1    0.10     23.727419808     -2.036945267     21.690474541      0.888929701
    9    4    2    1    0.10     23.727419808     -1.980337559     21.747082249      0.000002879
    9    4    0    1    0.28     49.513021308     -3.861511153     45.651510154      0.793326722
    9    4    1    1    0.28     49.513021308     -4.038256928     45.474764379      0.939468300
    9    4    2    1    0.28     49.513021308     -3.843545389     45.669475919      0.002742300
    9    4    0    1    1.00    128.757228385     -9.527798532    119.229429852      0.777548799
    9    4    1    1    1.00    128.757228385    -10.184435310    118.572793075      0.974625239
    9    4    2    1    1.00    128.757228385     -9.535396834    119.221831551      0.006116973
    9    5    0    1    0.10     48.414273463     -2.926942674     45.487330790      0.899448232
    9    5    1    1    0.10     48.414273463     -2.916209024     45.498064439      0.001663883
    9    5    2    1    0.10     48.414273463     -2.910519083     45.503754381      0.890842295
    9    5    0    1    0.28     98.112062762     -5.533811825     92.578250937      0.953179636
    9    5    1    1    0.28     98.112062762     -5.349888118     92.762174644      0.907564968
    9    5    2    1    0.28     98.112062762     -5.495177837     92.616884926      0.956539525
    9    5    0    1    1.00    250.281436065    -13.352062751    236.929373314      0.975694615
    9    5    1    1    1.00    250.281436065    -12.672154773    237.609281292      0.877173956
    9    5    2    1    1.00    250.281436065    -13.291762199    236.989673866      0.976650278
    9    6    0    1    0.10     94.577530821     -4.540881131     90.036649690      0.000002276
    9    6    1    1    0.10     94.577530821     -4.379056564     90.198474256      0.000013157
    9    6    2    1    0.10     94.577530821     -4.634875841     89.942654980      0.000000054
    9    6    0    1    0.28    184.571961209     -8.013194110    176.558767099      0.000006791
    9    6    1    1    0.28    184.571961209     -7.779489411    176.792471798      0.955913016
    9    6    2    1    0.28    184.571961209     -8.138322865    176.433638344      0.000000300
    9    6    0    1    1.00    453.153899797    -20.833984900    432.319914897      0.000004395
    9    6    1    1    1.00    453.153899797    -19.956855262    433.197044535      0.000557346
    9    6    2    1    1.00    453.153899797    -21.347333320    431.806566477      0.000000717
   10    2    0    1    0.10      2.973096535     -0.752979435      2.220117100      0.739718841
   10    2    1    1    0.10      2.973096535     -0.798456984      2.174639551      0.913983646
   10    2    2    1    0.10      2.973096535     -0.734603068      2.238493468      0.000000000
   10    2    0    1    0.28      6.411671722     -1.520824295      4.890847427      0.710070459
   10    2    1    1    0.28      6.411671722     -1.683102433      4.728569289      0.957811839
   10    2    2    1    0.28      6.411671722     -1.483907356      4.927764366      0.000000000
   10    2    0    1    1.00     17.289794055     -3.579551629     13.710242427      0.670739445
   10    2    1    1    1.00     17.289794055     -4.316018105     12.973775950      0.986374301
   10    2    2    1    1.00     17.289794055     -3.512215060     13.777578996      0.000000000
   10    3    0    1    0.10      9.827077903     -1.332462981      8.494614922      0.885319934
   10    3    1    1    0.10      9.827077903     -1.275087904      8.551989999      0.773329538
   10    3    2    1    0.10      9.827077903     -1.316722004      8.510355899      0.902886854
   10    3    0    1    0.28     21.013400205     -2.821912318     18.191487887      0.939372984
   10    3    1    1    0.28     21.013400205     -2.645499422     18.367900783      0.759013105
   10    3    2    1    0.28     21.013400205     -2.787107438     18.226292768      0.945852236
   10    3    0    1    1.00     55.343713651     -7.221358894     48.122354757      0.978390757
   10    3    1    1    1.00     55.343713651     -6.497355645     48.846358006      0.717903710
   10    3    2    1    1.00     55.343713651     -7.147923826     48.195789824      0.979785816
   10    4    0    1    0.10     23.284137412     -1.874032653     21.410104759      0.839970472
   10    4    1    1    0.10     23.284137412     -1.928805768     21.355331644      0.907054263
   10    4    2    1    0.10     23.284137412     -1.850099719     21.434037693      0.844589655
   10    4    0    1    0.28     49.301426198     -3.819026316     45.482399882      0.834678489
   10    4    1    1    0.28     49.301426198     -3.974530482     45.326895716      0.938759142
   10    4    2    1    0.28     49.301426198     -3.792603964     45.508822235      0.828317387
   10    4    0    1    1.00    128.716828634     -9.515791237    119.201037397      0.785616300
   10    4    1    1    1.00    128.716828634    -10.169403329    118.547425305      0.974236262
   10    4    2    1    1.00    128.716828634     -9.516065876    119.200762758      0.007982383
   10    5    0    1    0.10     49.278380090     -2.815438728     46.462941363      0.863749833
   10    5    1    1    0.10     49.278380090     -2.879596118     46.398783972      0.000020656
   10    5    2    1    0.10     49.278380090     -2.812185024     46.466195067      0.000032919
   10    5    0    1    0.28     97.367388321     -5.438500099     91.928888222      0.922034986
   10    5    1    1    0.28     97.367388321     -5.334737579     92.032650742      0.000561627
   10    5    2    1    0.28     97.367388321     -5.409224770     91.958163552      0.932590204
   10    5    0    1    1.00    249.941624233    -13.292388420    236.649235813      0.971895318
   10    5    1    1    1.00    249.941624233    -12.663113608    237.278510624      0.013068423
   10    5    2    1    1.00    249.941624233    -13.236253483    236.705370749      0.973180508
   10    6    0    1    0.10     84.195383144     -3.852662394     80.342720750      0.002325579
   10    6    1    1    0.10     84.195383144     -3.871441714     80.323941431      0.095490234
   10    6    2    1    0.10     84.195383144     -3.934944525     80.260438619      0.000000000
   10    6    0    1    0.28    176.622004994     -7.046664549    169.575340445      0.002554718
   10    6    1    1    0.28    176.622004994     -7.177173886    169.444831108      0.949619562
   10    6    2    1    0.28    176.622004994     -7.138725058    169.483279936      0.000016290
   10    6    0    1    1.00    433.339137813    -16.054731417    417.284406396      0.922778348
   10    6    1    1    1.00    433.339137813    -16.703215511    416.635922302      0.977417210
   10    6    2    1    1.00    433.339137813    -16.086412493    417.252725321      0.000839183
   11    2    0    1    0.10      2.972943195     -0.752908077      2.220035118      0.740027892
   11    2    1    1    0.10      2.972943195     -0.798405174      2.174538021      0.914046574
   11    2    2    1    0.10      2.972943195     -0.734508639      2.238434556      0.000000000
   11    2    0    1    0.28      6.411442066     -1.520729815      4.890712250      0.710221588
   11    2    1    1    0.28      6.411442066     -1.682985389      4.728456677      0.957820566
   11    2    2    1    0.28      6.411442066     -1.483770418      4.927671648      0.000000000
   11    2    0    1    1.00     17.289479120     -3.579376179     13.710102941      0.670695390
   11    2    1    1    1.00     17.289479120     -4.316133146     12.973345974      0.986371480
   11    2    2    1    1.00     17.289479120     -3.512023906     13.777455214      0.000000000
   11    3    0    1    0.10      9.819083633     -1.328218316      8.490865317      0.886497343
   11    3    1    1    0.10      9.819083633     -1.271598460      8.547485174      0.774537637
   11    3    2    1    0.10      9.819083633     -1.312976000      8.506107634      0.902328707
   11    3    0    1    0.28     21.012122221     -2.821293319     18.190828902      0.939348790
   11    3    1    1    0.28     21.012122221     -2.644944907     18.367177314      0.759189200
   11    3    2    1    0.28     21.012122221     -2.786645705     18.225476516      0.945797464
   11    3    0    1    1.00     55.342780577     -7.220847136     48.121933441      0.978401024
   11    3    1    1    1.00     55.342780577     -6.497142231     48.845638346      0.717897300
   11    3    2    1    1.00     55.342780577     -7.147990170     48.194790407      0.979797546
   11    4    0    1    0.10     23.162860039     -1.839644443     21.323215596      0.810539989
   11    4    1    1    0.10     23.162860039     -1.898303708     21.264556331      0.895317145
   11    4    2    1    0.10     23.162860039     -1.821923304     21.340936735      0.794840687
   11    4    0    1    0.28     49.268495824     -3.808818259     45.459677565      0.809338389
   11    4    1    1    0.28     49.268495824     -3.964497831     45.303997993      0.935643195
   11    4    2    1    0.28     49.268495824     -3.784165926     45.484329898      0.794906965
   11    4    0    1    1.00    128.714291009     -9.515896794    119.198394216      0.781655963
   11    4    1    1    1.00    128.714291009    -10.169193451    118.545097558      0.974179462
   11    4    2    1    1.00    128.714291009     -9.517145541    119.197145468      0.007939571
   11    5    0    1    0.10     46.309491404     -2.669927385     43.639564019      0.874987605
   11    5    1    1    0.10     46.309491404     -2.618462299     43.691029105      0.010889478
   11    5    2    1    0.10     46.309491404     -2.655571192     43.653920212      0.898389456
   11    5    0    1    0.28     96.264747111     -5.236100232     91.028646879      0.941934810
   11    5    1    1    0.28     96.264747111     -5.062904064     91.201843046      0.872763921
   11    5    2    1    0.28     96.264747111     -5.207304852     91.057442259      0.944179228
   11    5    0    1    1.00    249.587213037    -13.201710617    236.385502419      0.971709656
   11    5    1    1    1.00    249.587213037    -12.551882059    237.035330978      0.600015430
   11    5    2    1    1.00    249.587213037    -13.152791612    236.434421425      0.972552212
   11    6    0    1    0.10     87.109520387     -3.851905219     83.257615168      0.000003641
   11    6    1    1    0.10     87.109520735     -3.754375760     83.355144975      0.000065814
   11    6    2    1    0.10     87.109520387     -3.870217868     83.239302519      0.000000767
   11    6    0    1    0.28    175.573072590     -7.017901485    168.555171105      0.000063908
   11    6    1    1    0.28    175.573072572     -6.966885270    168.606187302      0.927464653
   11    6    2    1    0.28    175.573072590     -7.065935880    168.507136710      0.000000000
   11    6    0    1    1.00    431.926471206    -15.973061187    415.953410019      0.003863665
   11    6    1    1    1.00    431.926471206    -16.548964848    415.377506358      0.971673264
   11    6    2    1    1.00    431.926471206    -16.103065065    415.823406141      0.000000000
   12    2    0    1    0.10      2.972827858     -0.752858454      2.219969403      0.740203296
   12    2    1    1    0.10      2.972827858     -0.798376648      2.174451210      0.914108253
   12    2    2    1    0.10      2.972827858     -0.734440939      2.238386919      0.000000000
   12    2    0    1    0.28      6.411266176     -1.520654103      4.890612073      0.710520896
   12    2    1    1    0.28      6.411266176     -1.682930086      4.728336090      0.957829828
   12    2    2    1    0.28      6.411266176     -1.483665527      4.927600649      0.000000000
   12    2    0    1    1.00     17.289233194     -3.579244897     13.709988297      0.670765967
   12    2    1    1    1.00     17.289233194     -4.316035054     12.973198140      0.986380600
   12    2    2    1    1.00     17.289233194     -3.511874610     13.777358584      0.000000000
   12    3    0    1    0.10      9.817818632     -1.327579990      8.490238642      0.886082615
   12    3    1    1    0.10      9.817818632     -1.270963351      8.546855281      0.774099916
   12    3    2    1    0.10      9.817818632     -1.312430755      8.505387876      0.902149266
   12    3    0    1    0.28     21.011529785     -2.821224468     18.190305317      0.939382193
   12    3    1    1    0.28     21.011529785     -2.644831241     18.366698544      0.759503563
   12    3    2    1    0.28     21.011529785     -2.786510111     18.225019674      0.945817206
   12    3    0    1    1.00     55.341997510     -7.220927758     48.121069752      0.978404646
   12    3    1    1    1.00     55.341997510     -6.496946699     48.845050811      0.718231878
   12    3    2    1    1.00     55.341997510     -7.147657829     48.194339681      0.979798119
   12    4    0    1    0.10     23.062125265     -1.818276039     21.243849226      0.821293764
   12    4    1    1    0.10     23.062125265     -1.868646410     21.193478855      0.893784478
   12    4    2    1    0.10     23.062125265     -1.806261739     21.255863526      0.819746632
   12    4    0    1    0.28     49.238957038     -3.800509361     45.438447677      0.812945211
   12    4    1    1    0.28     49.238957038     -3.953824898     45.285132140      0.935665111
   12    4    2    1    0.28     49.238957038     -3.775946477     45.463010561      0.800673641
   12    4    0    1    1.00    128.712102268     -9.515350865    119.196751403      0.781778588
   12    4    1    1    1.00    128.712102268    -10.168533851    118.543568418      0.974184867
   12    4    2    1    1.00    128.712102268     -9.516568338    119.195533931      0.007952513
   12    5    0    1    0.10     45.855819126     -2.607046376     43.248772750      0.855464890
   12    5    1    1    0.10     45.855819126     -2.580399617     43.275419509      0.000040970
   12    5    2    1    0.10     45.855819126     -2.596239890     43.259579236      0.885343116
   12    5    0    1    0.28     96.001619842     -5.187297198     90.814322644      0.934164086
   12    5    1    1    0.28     96.001619842     -5.005110688     90.996509154      0.817606645
   12    5    2    1    0.28     96.001619842     -5.162360925     90.839258917      0.937876715
   12    5    0    1    1.00    249.561694883    -13.195466788    236.366228095      0.971062804
   12    5    1    1    1.00    249.561694883    -12.552580593    237.009114289      0.312670114
   12    5    2    1    1.00    249.561694883    -13.147196811    236.414498071      0.972020456
   12    6    0    1    0.10     83.932851943     -3.454409114     80.478442829      0.001458055
   12    6    1    1    0.10     83.932851943     -3.458559867     80.474292076      0.891876605
   12    6    2    1    0.10     83.932851943     -3.480654226     80.452197717      0.000024834
   12    6    0    1    0.28    167.904716854     -6.522870290    161.381846564      0.000000013
   12    6    1    1    0.28    167.904716842     -6.672113670    161.232603172      0.928463760
   12    6    2    1    0.28    167.904716854     -6.573304937    161.331411917      0.000060278
   12    6    0    1    1.00    430.472344600    -15.679447650    414.792896949      0.859263316
   12    6    1    1    1.00    430.472344600    -16.295018418    414.177326182      0.971695969
   12    6    2    1    1.00    430.472344600    -15.722297365    414.750047235      0.000000000
   12    7    0    1    0.10    137.737835301     -4.769762172    132.968073130      0.000014972
   12    7    1    1    0.10    137.738251611     -4.991220119    132.747031492      0.000000447
   12    7    2    1    0.10    137.737835301     -4.871718190    132.866117112      0.000000406
   12    7    0    1    0.28    267.890046494     -8.650833208    259.239213286      0.936376025
   12    7    1    1    0.28    267.890046489     -8.910419772    258.979626718      0.000000758
   12    7    2    1    0.28    267.890046489     -8.647246228    259.242800261      0.000771952
   12    7    0    1    1.00    676.032425775    -22.294512233    653.737913542      0.975956800
   12    7    1    1    1.00    676.032425775    -23.996732845    652.035692930      0.000001087
   12    7    2    1    1.00    676.032425775    -23.289909245    652.742516530      0.000003130
   13    2    0    1    0.10      2.972740890     -0.752813404      2.219927486      0.740340188
   13    2    1    1    0.10      2.972740890     -0.798349401      2.174391489      0.914147711
   13    2    2    1    0.10      2.972740890     -0.734389705      2.238351185      0.000000000
   13    2    0    1    0.28      6.411131640     -1.520578688      4.890552953      0.710439520
   13    2    1    1    0.28      6.411131640     -1.682974582      4.728157059      0.957857499
   13    2    2    1    0.28      6.411131640     -1.483585226      4.927546414      0.000000000
   13    2    0    1    1.00     17.289040671     -3.579087762     13.709952910      0.670666762
   13    2    1    1    1.00     17.289040671     -4.315850163     12.973190509      0.986378313
   13    2    2    1    1.00     17.289040671     -3.511758226     13.777282445      0.000000000
   13    3    0    1    0.10      9.817006284     -1.327141958      8.489864326      0.886236446
   13    3    1    1    0.10      9.817006284     -1.270526464      8.546479820      0.774306987
   13    3    2    1    0.10      9.817006284     -1.312061691      8.504944593      0.902097348
   13    3    0    1    0.28     21.011074695     -2.821243003     18.189831692      0.939389199
   13    3    1    1    0.28     21.011074695     -2.644710663     18.366364032      0.759730802
   13    3    2    1    0.28     21.011074695     -2.786531716     18.224542979      0.945823135
   13    3    0    1    1.00     55.341379998     -7.220876027     48.120503971      0.978407212
   13    3    1    1    1.00     55.341379998     -6.496824638     48.844555360      0.718525880
   13    3    2    1    1.00     55.341379998     -7.147513949     48.193866049      0.979794242
   13    4    0    1    0.10     23.031856296     -1.808574799     21.223281497      0.808588298
   13    4    1    1    0.10     23.031856296     -1.859650283     21.172206013      0.889581269
   13    4    2    1    0.10     23.031856296     -1.797773584     21.234082712      0.801678792
   13    4    0    1    0.28     49.235350370     -3.799380684     45.435969686      0.809975500
   13    4    1    1    0.28     49.235350370     -3.952758339     45.282592031      0.935363096
   13    4    2    1    0.28     49.235350370     -3.774954076     45.460396294      0.796581292
   13    4    0    1    1.00    128.710591780     -9.515184045    119.195407735      0.781937950
   13    4    1    1    1.00    128.710591780    -10.168526880    118.542064900      0.974183936
   13    4    2    1    1.00    128.710591780     -9.516339696    119.194252084      0.007954357
   13    5    0    1    0.10     45.140017476     -2.486535185     42.653482291      0.901005050
   13    5    1    1    0.10     45.140017476     -2.424678404     42.715339072      0.847742536
   13    5    2    1    0.10     45.140017476     -2.472144753     42.667872723      0.908943835
   13    5    0    1    0.28     95.756144281     -5.127603079     90.628541202      0.934757219
   13    5    1    1    0.28     95.756144281     -4.968041700     90.788102582      0.850545888
   13    5    2    1    0.28     95.756144281     -5.107839549     90.648304732      0.937393968
   13    5    0    1    1.00    249.537327095    -13.187366207    236.349960889      0.970918839
   13    5    1    1    1.00    249.537327095    -12.545160602    236.992166493      0.397381691
   13    5    2    1    1.00    249.537327095    -13.140484234    236.396842861      0.971879555
   13    6    0    1    0.10     83.260286030     -3.420287623     79.839998406      0.000018599
   13    6    1    1    0.10     83.260286030     -3.357081480     79.903204549      0.786432403
   13    6    2    1    0.10     83.260286030     -3.427481920     79.832804109      0.000000001
   13    6    0    1    0.28    166.852687300     -6.437140017    160.415547283      0.001952974
   13    6    1    1    0.28    166.852687300     -6.558223069    160.294464231      0.917724758
   13    6    2    1    0.28    166.852687300     -6.479818494    160.372868806      0.000000203
   13    6    0    1    1.00    430.256489537    -15.642437827    414.614051710      0.669235941
   13    6    1    1    1.00    430.256489537    -16.261938825    413.994550713      0.969691971
   13    6    2    1    1.00    430.256489537    -15.725292460    414.531197078      0.000000001
   13    7    0    1    1.00    684.567539104    -19.566140529    665.001398575      0.972590196
   13    7    1    1    1.00    684.567539104    -18.968812142    665.598726962      0.000000001
   13    7    2    1    1.00    684.567539104    -19.514081987    665.053457117      0.973150821
   14    2    0    1    0.10      2.972674936     -0.752790885      2.219884051      0.740471835
   14    2    1    1    0.10      2.972674936     -0.798321185      2.174353751      0.914181993
   14    2    2    1    0.10      2.972674936     -0.734351114      2.238323822      0.000000000
   14    2    0    1    0.28      6.411028505     -1.520557445      4.890471060      0.710691360
   14    2    1    1    0.28      6.411028505     -1.682854731      4.728173774      0.957863654
   14    2    2    1    0.28      6.411028505     -1.483523634      4.927504871      0.000000000
   14    2    1    1    1.00     17.288891906     -4.315942501     12.972949404      0.986381101
   14    2    2    1    1.00     17.288891906     -3.511668409     13.777223497      0.000000000
   14    3    0    1    0.10      9.816725308     -1.327075221      8.489650086      0.886237120
   14    3    1    1    0.10      9.816725308     -1.270439666      8.546285642      0.774449912
   14    3    2    1    0.10      9.816725308     -1.311938413      8.504786895      0.902146675
   14    3    0    1    0.28     21.010727106     -2.821082651     18.189644455      0.939413090
   14    3    1    1    0.28     21.010727106     -2.644660322     18.366066784      0.759922323
   14    3    2    1    0.28     21.010727106     -2.786401493     18.224325612      0.945848475
   14    3    0    1    1.00     55.340888087     -7.220661490     48.120226598      0.978411947
   14    3    1    1    1.00     55.340888087     -6.496733985     48.844154102      0.718752644
   14    3    2    1    1.00     55.340888087     -7.147373403     48.193514685      0.979814806
   14    4    0    1    0.10     23.007444567     -1.802231073     21.205213494      0.810469964
   14    4    1    1    0.10     23.007444567     -1.851273772     21.156170795      0.890247562
   14    4    2    1    0.10     23.007444567     -1.792024410     21.215420157      0.805160125
   14    4    0    1    0.28     49.232567020     -3.798379009     45.434188011      0.810380516
   14    4    1    1    0.28     49.232567020     -3.951651091     45.280915929      0.935359474
   14    4    2    1    0.28     49.232567020     -3.773993424     45.458573596      0.797109608
   14    4    0    1    1.00    128.709368301     -9.515022876    119.194345425      0.782087614
   14    4    1    1    1.00    128.709368301    -10.168496927    118.540871374      0.974191735
   14    4    2    1    1.00    128.709368301     -9.516128715    119.193239586      0.007966872
   14    5    0    1    0.10     44.933665090     -2.450006622     42.483658468      0.891259092
   14    5    1    1    0.10     44.933665090     -2.383087601     42.550577490      0.822075344
   14    5    2    1    0.10     44.933665090     -2.437276967     42.496388123      0.901972451
   14    5    0    1    0.28     95.705166251     -5.115713159     90.589453092      0.931912383
   14    5    1    1    0.28     95.705166251     -4.955150978     90.750015273      0.832699501
   14    5    2    1    0.28     95.705166251     -5.096858821     90.608307430      0.935080633
   14    5    0    1    1.00    249.534353423    -13.187313079    236.347040345      0.970897439
   14    5    1    1    1.00    249.534353423    -12.545086910    236.989266513      0.390068892
   14    5    2    1    1.00    249.534353423    -13.140219400    236.394134023      0.971839121
   14    6    0    1    0.28    165.610011684     -6.223566729    159.386444955      0.877949460
   14    6    1    1    0.28    165.610011684     -6.375087746    159.234923938      0.939377574
   14    6    2    1    0.28    165.610011684     -6.200958015    159.409053669      0.871952027
   14    6    0    1    1.00    430.037793360    -15.607164446    414.430628915      0.807867604
   14    6    1    1    1.00    430.037793360    -16.211781650    413.826011711      0.969609459
   14    6    2    1    1.00    430.037793360    -15.659471048    414.378322313      0.000000011
   14    7    0    1    0.28    261.195547749     -8.032168174    253.163379575      0.930038558
   14    7    1    1    0.28    261.195547749     -8.066880224    253.128667525      0.000004220
   14    7    2    1    0.28    261.195547749     -8.002226771    253.193320978      0.926546748
   14    7    0    1    1.00    683.610769646    -19.469127812    664.141641833      0.968832214
   14    7    1    1    1.00    683.610769646    -18.954027756    664.656741890      0.000000000
   14    7    2    1    1.00    683.610769646    -19.422955070    664.187814576      0.969800053
   15    2    0    1    0.10      2.972624877     -0.752774137      2.219850740      0.740519432
   15    2    1    1    0.10      2.972624877     -0.798331190      2.174293687      0.914187873
   15    2    2    1    0.10      2.972624877     -0.734322601      2.238302276      0.000000000
   15    2    0    1    0.28      6.410949417     -1.520515499      4.890433919      0.710788316
   15    2    1    1    0.28      6.410949417     -1.682821434      4.728127984      0.957870621
   15    2    2    1    0.28      6.410949417     -1.483476458      4.927472959      0.000000000
   15    2    1    1    1.00     17.288776655     -4.316016974     12.972759681      0.986387670
   15    2    2    1    1.00     17.288776655     -3.511598925     13.777177730      0.000000000
   15    3    0    1    0.10      9.816517295     -1.327041280      8.489476015      0.886264546
   15    3    1    1    0.10      9.816517295     -1.270382684      8.546134612      0.774607390
   15    3    2    1    0.10      9.816517295     -1.311867473      8.504649822      0.902172020
   15    3    0    1    0.28     21.010460009     -2.821028476     18.189431533      0.939428276
   15    3    1    1    0.28     21.010460009     -2.644587899     18.365872110      0.760167564
   15    3    1    1    1.00     55.340506665     -6.496654532     48.843852133      0.718806673
   15    4    1    1    0.10     23.001785840     -1.849180894     21.152604946      0.889404047
   15    4    2    1    0.10     23.001785840     -1.790031668     21.211754172      0.801763596
   15    4    2    1    0.28     49.231758435     -3.773863846     45.457894588      0.797225682
   15    5    0    1    1.00    249.531915873    -13.186806556    236.345109317      0.970898193
   15    5    2    1    1.00    249.531915873    -13.139785305    236.392130567      0.971840949
   15    6    1    1    0.28    165.291901736     -6.330136673    158.961765063      0.933897757
   15    6    1    1    1.00    430.018908953    -16.208386547    413.810522405      0.969300626
   15    7    0    1    1.00    682.636008847    -19.309279151    663.326729696      0.969128320
   15    7    2    1    1.00    682.636008847    -19.272593025    663.363415821      0.969805809
