   13    7    0    1    1.00    888.136711208     28.174138647    916.310849855      0.000000000
   13    7    1    1    1.00    888.136711208     28.128870931    916.265582138      0.935353665
   15    2    0    1    0.10      3.495288478      1.180964477      4.676252954      0.817815485
   15    2    1    1    0.10      3.495288478      1.251463961      4.746752438      0.822281832
   15    3    0    1    0.10     12.221201988      1.968741465     14.189943453      0.851569289
   15    3    1    1    0.10     12.221201988      1.909490213     14.130692200      0.844459070
   15    3    2    1    0.10     12.221201988      1.958832476     14.180034464      0.820793137
   15    4    0    1    0.10     29.954626404      2.720028711     32.674655114      0.847998139
   15    4    1    1    0.10     29.954626404      2.778932552     32.733558956      0.820368843
   15    4    2    1    0.10     29.954626404      2.710001173     32.664627577      0.848075087
   15    4    0    1    0.28     61.964521123      5.541561737     67.506082860      0.887454404
   15    5    0    1    0.10     60.885525585      3.766531300     64.652056884      0.847290008
   15    5    1    1    0.10     60.885525585      3.704067993     64.589593578      0.837670363
   15    5    2    1    0.10     60.885525585      3.759478927     64.645004512      0.838510047
   15    6    0    1    0.10    113.605520082      4.792394609    118.397914691      0.000000000
   15    6    1    1    0.10    113.605520082      4.727510582    118.333030664      0.000000017
   15    6    2    1    0.10    113.605520082      4.795206006    118.400726089      0.000002020
   15    6    0    1    0.28    221.732360479      9.391182823    231.123543302      0.888182535
   15    6    1    1    0.28    221.732360479      9.614903450    231.347263929      0.603191645
   15    6    2    1    0.28    221.732360479      9.369924698    231.102285176      0.893020607
   15    6    0    1    1.00    543.809513764     22.354673101    566.164186864      0.933757862
   15    6    1    1    1.00    543.809513764     22.870423535    566.679937298      0.000000024
   15    6    2    1    1.00    543.809513764     22.317195392    566.126709156      0.936734574
   16    2    0    1    0.10      3.495516062      1.180985360      4.676501422      0.818152916
   16    2    1    1    0.10      3.495516062      1.251441812      4.746957874      0.822497583
   16    2    1    1    0.28      7.572271651      2.660747664     10.233019315      0.000122804
   16    2    2    1    0.28      7.572271651      2.468973533     10.041245184      0.912676172
   16    2    1    1    1.00     20.163791917      6.971880405     27.135672322      0.000000051
   16    2    2    1    1.00     20.163791917      6.363724519     26.527516435      0.956175601
   16    3    0    1    0.10     12.221542172      1.968645275     14.190187448      0.852025044
   16    3    1    1    0.10     12.221542172      1.909378491     14.130920663      0.845057548
   16    3    2    1    0.10     12.221542172      1.958771602     14.180313774      0.821341831
   16    3    0    1    0.28     25.625897447      4.117205792     29.743103240      0.846063940
   16    3    1    1    0.28     25.625897447      3.935404248     29.561301695      0.892391262
   16    3    0    1    1.00     65.747498177     10.522623600     76.270121776      0.000000000
   16    3    1    1    1.00     65.747498177      9.927363585     75.674861762      0.943022459
   16    4    0    1    0.10     29.952600923      2.714878998     32.667479921      0.846729214
   16    4    1    1    0.10     29.952600923      2.765130598     32.717731521      0.841492937
   16    4    2    1    0.10     29.952600923      2.704824796     32.657425719      0.847633778
   16    4    0    1    0.28     61.958505663      5.540851967     67.499357629      0.888250863
   16    4    1    1    0.28     61.958505663      5.700511332     67.659016995      0.855135532
   16    4    2    1    0.28     61.958505663      5.523601098     67.482106760      0.894551291
   16    4    1    1    1.00    156.023299232     14.379018304    170.402317536      0.000000184
   16    4    2    1    1.00    156.023299232     13.732730254    169.756029486      0.942474635
   16    5    0    1    0.10     60.651781722      3.723005084     64.374786806      0.816079985
   16    5    1    1    0.10     60.651781722      3.653599207     64.305380929      0.850140160
   16    5    2    1    0.10     60.651781722      3.715846664     64.367628386      0.804870133
   16    5    0    1    0.28    124.104151887      7.455683161    131.559835048      0.832766588
   16    5    1    1    0.28    124.104151887      7.281039496    131.385191383      0.885781508
   16    5    0    1    1.00    308.883078685     18.499861647    327.382940332      0.000000000
   16    5    1    1    1.00    308.883078685     17.908817651    326.791896336      0.937001347
   16    6    0    1    0.10    110.158225709      4.830874427    114.989100136      0.850753548
   16    6    1    1    0.10    110.158225709      4.888960602    115.047186311      0.849289015
   16    6    2    1    0.10    110.158225709      4.818639749    114.976865458      0.852460417
   16    6    0    1    0.28    220.876027444      9.300137398    230.176164843      0.877983370
   16    6    1    1    0.28    220.876027444      9.461319036    230.337346480      0.862738739
   16    6    2    1    0.28    220.876027444      9.285132180    230.161159625      0.882445149
   16    6    0    1    1.00    543.597944958     22.327061652    565.925006611      0.932762245
   16    6    1    1    1.00    543.597944958     22.869933329    566.467878288      0.000000073
   16    6    2    1    1.00    543.597944958     22.291829747    565.889774706      0.935872160
   16    7    0    1    1.00    881.528115327     27.498138851    909.026254178      0.000000000
   16    7    1    1    1.00    881.528115327     27.108176847    908.636292174      0.935458892
   17    6    0    1    0.10    109.361354143      4.749389487    114.110743630      0.861573480
   17    6    1    1    0.10    109.361354143      4.825428957    114.186783099      0.824173797
   17    6    2    1    0.10    109.361354143      4.738045814    114.099399957      0.862849858
   17    6    0    1    0.28    220.484388299      9.215326197    229.699714496      0.883895478
   17    6    1    1    0.28    220.484388299      9.404994556    229.889382855      0.805794963
   17    6    2    1    0.28    220.484388299      9.201223809    229.685612108      0.887834368
   17    6    0    1    1.00    543.509780604     22.309436150    565.819216754      0.934875648
   17    6    1    1    1.00    543.509780604     22.863599554    566.373380158      0.000000078
   17    6    2    1    1.00    543.509780604     22.274528276    565.784308880      0.937665359
   17    7    0    1    1.00    880.670819947     27.503367798    908.174187746      0.000000000
   17    7    1    1    1.00    880.670819947     27.029026482    907.699846429      0.931638840
   18    6    0    1    0.10    108.759256353      4.684996037    113.444252390      0.846213132
   18    6    1    1    0.10    108.759256353      4.740351729    113.499608082      0.849245828
   18    6    2    1    0.10    108.759256353      4.674822738    113.434079091      0.845983520
   18    6    0    1    0.28    220.188710458      9.172125759    229.360836217      0.878166014
   18    6    1    1    0.28    220.188710458      9.319890626    229.508601085      0.858522180
   18    6    2    1    0.28    220.188710458      9.158501571    229.347212029      0.882527480
   18    6    1    1    1.00    543.440423108     22.866007132    566.306430240      0.000000138
   18    6    2    1    1.00    543.440423108     22.270141756    565.710564864      0.938067980
   18    7    0    1    1.00    880.416381186     27.445929872    907.862311058      0.000000000
   18    7    1    1    1.00    880.416381186     26.946454520    907.362835706      0.934544776
   19    6    0    1    0.10    108.337206809      4.628294217    112.965501026      0.855302384
   19    6    1    1    0.10    108.337206809      4.692737369    113.029944178      0.822703407
   19    6    2    1    0.10    108.337206809      4.618384764    112.955591573      0.855092983
   19    6    0    1    0.28    220.092305543      9.133995823    229.226301367      0.885273066
   19    6    1    1    0.28    220.092305543      9.298014636    229.390320180      0.839380408
   19    6    2    1    0.28    220.092305543      9.121092210    229.213397754      0.888843490
   19    6    0    1    1.00    543.385233330     22.302940622    565.688173952      0.935790486
   19    6    1    1    1.00    543.385233330     22.868135862    566.253369193      0.000000141
   19    6    2    1    1.00    543.385233330     22.267609205    565.652842536      0.938491400
   19    7    0    1    1.00    880.212633042     27.445290211    907.657923252      0.000000000
   19    7    1    1    1.00    880.212633042     26.925703926    907.138336968      0.934137166
   20    6    0    1    0.10    108.060468297      4.586700660    112.647168957      0.843218391
   20    6    2    1    0.10    108.060468297      4.577612743    112.638081041      0.843540903
   20    6    0    1    0.28    220.022841928      9.118842154    229.141684082      0.885095229
   20    6    1    1    0.28    220.022841928      9.262035522    229.284877451      0.862653085
   20    6    2    1    0.28    220.022841928      9.105957148    229.128799076      0.888750165
   20    6    0    1    1.00    543.340097737     22.301221079    565.641318816      0.936086849
   20    6    1    1    1.00    543.340097737     22.869741131    566.209838868      0.000000203
   20    6    2    1    1.00    543.340097737     22.265640450    565.605738187      0.938782007
   20    7    1    1    0.28    359.201133081     11.181314255    370.382447337      0.887292504
   20    7    0    1    1.00    880.116611722     27.442090914    907.558702636      0.000000000
   20    7    1    1    1.00    880.116611722     26.911752895    907.028364617      0.935699640
