1PA
shells filled ML   MS    hw           E0               dE                E          partialnorm(1p)
    5    1    0    1    1.00      3.017606231      3.752259094      6.769865325      0.000000000
    5    1    1    1    1.00      3.017606231      3.384312858      6.401919089      0.981081532
    5    1    2    1    1.00      3.017606231      4.003221982      7.020828213      0.657565705
    5    2    0    1    1.00     20.331389042      6.497934178     26.829323219      0.971804170
    5    2    1    1    1.00     20.331389042      6.931127137     27.262516179      0.000000000
    5    2    2    1    1.00     20.331389042      6.428173104     26.759562146      0.978301537
    5    3    0    1    1.00     67.029162181     11.524880701     78.554042882      0.000000001
    5    3    1    1    1.00     67.029162181     10.741315420     77.770477601      0.970969076
    5    3    2    1    1.00     67.029162181     11.451146780     78.480308961      0.000000000
    6    1    0    1    1.00      3.013626129      3.755288827      6.768914956      0.000000000
    6    1    1    1    1.00      3.013626129      3.380618697      6.394244826      0.981511632
    6    1    2    1    1.00      3.013626129      4.004798498      7.018424627      0.660395845
    6    2    0    1    1.00     20.273246626      6.471582913     26.744829539      0.969418776
    6    2    1    1    1.00     20.273246626      6.936815611     27.210062237      0.000000000
    6    2    2    1    1.00     20.273246626      6.383605763     26.656852389      0.975092534
    6    3    0    1    1.00     66.524872522     10.587838564     77.112711086      0.000000000
    6    3    1    1    1.00     66.524872522     10.154073645     76.678946168      0.972946017
    6    3    2    1    1.00     66.524872522     10.570853058     77.095725581      0.000000000
    6    4    0    1    1.00    160.592548536     15.438989428    176.031537965      0.970371481
    6    4    1    1    1.00    160.592548536     16.041198876    176.633747412      0.000000000
    6    4    2    1    1.00    160.592548536     15.359461836    175.952010372      0.977843374
    7    1    0    1    1.00      3.011019984      3.757618649      6.768638633      0.000000000
    7    1    1    1    1.00      3.011019984      3.378471620      6.389491604      0.981789047
    7    1    2    1    1.00      3.011019984      4.005959981      7.016979965      0.662244565
    7    2    0    1    1.00     20.249063905      6.457819967     26.706883873      0.971211434
    7    2    1    1    1.00     20.249063905      6.938856223     27.187920129      0.000000000
    7    2    2    1    1.00     20.249063905      6.372452642     26.621516547      0.976231178
    7    3    0    1    1.00     66.048031534     10.586011607     76.634043142      0.000000000
    7    3    1    1    1.00     66.048031534     10.035769214     76.083800749      0.966069138
    7    3    2    1    1.00     66.048031534     10.584224997     76.632256531      0.000000000
    7    4    0    1    1.00    158.838120355     14.429708119    173.267828474      0.972567030
    7    4    1    1    1.00    158.838120355     14.650491465    173.488611820      0.000000000
    7    4    2    1    1.00    158.838120355     14.342854643    173.180974998      0.976953144
    8    1    0    1    1.00      3.009235722      3.759251769      6.768487490      0.000000000
    8    1    1    1    1.00      3.009235722      3.377031630      6.386267352      0.982000775
    8    1    2    1    1.00      3.009235722      4.006779484      7.016015206      0.663370909
    8    2    0    1    1.00     20.233839228      6.454333552     26.688172779      0.971658728
    8    2    1    1    1.00     20.233839228      6.943152801     27.176992029      0.000000000
    8    2    2    1    1.00     20.233839228      6.367229272     26.601068499      0.976568266
    8    3    0    1    1.00     65.970931567     10.478577435     76.449509001      0.000000000
    8    3    1    1    1.00     65.970931567      9.942862085     75.913793652      0.969466144
    8    3    2    1    1.00     65.970931567     10.481265582     76.452197149      0.000000000
    8    4    0    1    1.00    157.035289355     14.176090654    171.211380010      0.965627269
    8    4    1    1    1.00    157.035289355     14.728361406    171.763650761      0.000000002
    8    4    2    1    1.00    157.035289355     14.082336661    171.117626016      0.969169673
    8    5    0    1    1.00    316.936396813     18.926913169    335.863309982      0.000000000
    8    5    1    1    1.00    316.936396813     19.267494165    336.203890979      0.974961118
    8    5    2    1    1.00    316.936396813     18.969717501    335.906114314      0.000000000
    9    1    0    1    1.00      3.007929461      3.760474949      6.768404410      0.000000000
    9    1    1    1    1.00      3.007929461      3.376001839      6.383931300      0.982153794
    9    1    2    1    1.00      3.007929461      4.007362052      7.015291513      0.664070310
    9    2    0    1    1.00     20.223511737      6.451536301     26.675048039      0.972049364
    9    2    1    1    1.00     20.223511737      6.945849716     27.169361454      0.000000000
    9    2    2    1    1.00     20.223511737      6.363957737     26.587469474      0.976873555
    9    3    0    1    1.00     65.919974220     10.483823936     76.403798156      0.000000000
    9    3    1    1    1.00     65.919974220      9.930065544     75.850039764      0.969328704
    9    3    2    1    1.00     65.919974220     10.483711086     76.403685307      0.000000000
    9    4    0    1    1.00    156.673484230     13.892596716    170.566080946      0.968005573
    9    4    1    1    1.00    156.673484230     14.372543304    171.046027533      0.000000000
    9    4    2    1    1.00    156.673484230     13.829877439    170.503361669      0.970729909
    9    5    0    1    1.00    312.268213395     19.249013681    331.517227075      0.000000000
    9    5    1    1    1.00    312.268213395     18.799542806    331.067756201      0.968695465
    9    5    2    1    1.00    312.268213395     19.294078368    331.562291763      0.000000000
   10    1    0    1    1.00      3.006937179      3.761415180      6.768352359      0.000000000
   10    1    1    1    1.00      3.006937179      3.375249412      6.382186590      0.982273343
   10    1    2    1    1.00      3.006937179      4.007816460      7.014753638      0.664622148
   10    2    0    1    1.00     20.216128076      6.449521305     26.665649382      0.972324030
   10    2    1    1    1.00     20.216128076      6.947866454     27.163994530      0.000000000
   10    2    2    1    1.00     20.216128076      6.361517228     26.577645304      0.977078253
   10    3    0    1    1.00     65.887964955     10.487834274     76.375799230      0.000000000
   10    3    1    1    1.00     65.887964955      9.924564684     75.812529639      0.970006714
   10    3    2    1    1.00     65.887964955     10.487463318     76.375428273      0.000000000
   10    4    0    1    1.00    156.365861262     13.826415250    170.192276512      0.965113168
   10    4    1    1    1.00    156.365861262     14.372531255    170.738392517      0.000000000
   10    4    2    1    1.00    156.365861262     13.775449625    170.141310887      0.968149514
   10    5    0    1    1.00    311.001689978     18.617246107    329.618936086      0.000000000
   10    5    1    1    1.00    311.001689978     18.270482701    329.272172679      0.969965419
   10    5    2    1    1.00    311.001689978     18.632592358    329.634282337      0.000000000
   10    6    0    1    1.00    553.129231845     24.030839367    577.160071212      0.967982378
   10    6    1    1    1.00    553.129231845     24.035035183    577.164267028      0.000000000
   10    6    2    1    1.00    553.129231845     23.919545140    577.048776986      0.971653714
   11    1    0    1    1.00      3.006158276      3.762159143      6.768317420      0.000000000
   11    1    1    1    1.00      3.006158276      3.374671153      6.380829429      0.982366451
   11    1    2    1    1.00      3.006158276      4.008172068      7.014330345      0.665029247
   11    2    0    1    1.00     20.210574438      6.448038727     26.658613165      0.972547029
   11    2    1    1    1.00     20.210574438      6.949347092     27.159921530      0.000000000
   11    2    2    1    1.00     20.210574438      6.359778311     26.570352749      0.977250997
   11    3    0    1    1.00     65.865343324     10.490910528     76.356253852      0.000000000
   11    3    1    1    1.00     65.865343324      9.921531081     75.786874405      0.970294079
   11    3    2    1    1.00     65.865343324     10.490404647     76.355747971      0.000000000
   11    4    0    1    1.00    156.290558488     13.782697543    170.073256031      0.967420094
   11    4    1    1    1.00    156.290558488     14.336306218    170.626864707      0.000000002
   11    4    2    1    1.00    156.290558488     13.733464675    170.024023163      0.969800846
   11    5    0    1    1.00    309.745589102     18.648749147    328.394338249      0.000000003
   11    5    1    1    1.00    309.745589102     18.117142917    327.862732019      0.965472647
   11    5    2    1    1.00    309.745589102     18.648899843    328.394488945      0.000000003
   11    6    0    1    1.00    549.707772295     23.171482957    572.879255252      0.970418009
   11    6    1    1    1.00    549.707772295     23.119481873    572.827254168      0.000000000
   11    6    2    1    1.00    549.707772295     23.096948413    572.804720708      0.973104565
   12    1    0    1    1.00      3.005531678      3.762761536      6.768293214      0.000000000
   12    1    1    1    1.00      3.005531678      3.374218307      6.379749985      0.982441742
   12    1    2    1    1.00      3.005531678      4.008463430      7.013995108      0.665362372
   12    2    0    1    1.00     20.206257417      6.446892058     26.653149475      0.972720323
   12    2    1    1    1.00     20.206257417      6.950502033     27.156759450      0.000000000
   12    2    2    1    1.00     20.206257417      6.358436445     26.564693862      0.977383979
   12    3    0    1    1.00     65.848352806     10.493032785     76.341385591      0.000000000
   12    3    1    1    1.00     65.848352806      9.919180440     75.767533246      0.970553520
   12    3    2    1    1.00     65.848352806     10.492591832     76.340944639      0.000000000
   12    4    0    1    1.00    156.236252018     13.776183284    170.012435302      0.967692499
   12    4    1    1    1.00    156.236252018     14.339536861    170.575788880      0.000000002
   12    4    2    1    1.00    156.236252018     13.724896994    169.961149012      0.969947998
   12    5    0    1    1.00    309.454937676     18.474658090    327.929595765      0.000000000
   12    5    1    1    1.00    309.454937676     17.957702437    327.412640113      0.967445868
   12    5    2    1    1.00    309.454937676     18.482255542    327.937193218      0.000000000
   12    6    0    1    1.00    546.280475082     22.878737338    569.159212419      0.966410719
   12    6    1    1    1.00    546.280475082     23.273754725    569.554229807      0.000000000
   12    6    2    1    1.00    546.280475082     22.828767179    569.109242261      0.968916863
   12    7    0    1    1.00    895.751181842     27.766291259    923.517473100      0.000000000
   12    7    1    1    1.00    895.751181842     28.554064367    924.305246209      0.967174365
   12    7    2    1    1.00    895.751181842     27.826006700    923.577188542      0.000000000
   13    1    0    1    1.00      3.005017171      3.763258509      6.768275681      0.000000000
   13    1    1    1    1.00      3.005017171      3.373853127      6.378870299      0.982503309
   13    1    2    1    1.00      3.005017171      4.008704596      7.013721768      0.665632207
   13    2    0    1    1.00     20.202806262      6.446008641     26.648814903      0.972861939
   13    2    1    1    1.00     20.202806262      6.951420207     27.154226469      0.000000000
   13    2    2    1    1.00     20.202806262      6.357400587     26.560206849      0.977494234
   13    3    0    1    1.00     65.835335920     10.494661926     76.329997845      0.000000001
   13    3    1    1    1.00     65.835335920      9.917279966     75.752615885      0.970747625
   13    3    2    1    1.00     65.835335920     10.494240677     76.329576597      0.000000000
   13    4    0    1    1.00    156.196937684     13.772529388    169.969467072      0.968097834
   13    4    1    1    1.00    156.196937684     14.342589627    170.539527311      0.000000002
   13    4    2    1    1.00    156.196937684     13.721274997    169.918212681      0.970310271
   13    5    0    1    1.00    309.216876408     18.472953221    327.689829629      0.000000005
   13    5    1    1    1.00    309.216876408     17.920622050    327.137498458      0.966301337
   13    5    2    1    1.00    309.216876408     18.482066354    327.698942762      0.000000002
   13    6    0    1    1.00    545.251704888     22.539252727    567.790957615      0.967824394
   13    6    1    1    1.00    545.251704888     22.915824540    568.167529428      0.000000000
   13    6    2    1    1.00    545.251704888     22.493659847    567.745364735      0.969708696
   13    7    0    1    1.00    888.290954437     28.145655464    916.436609901      0.000000000
   13    7    1    1    1.00    888.290954437     28.089798874    916.380753311      0.967959739
   13    7    2    1    1.00    888.290954437     28.177581215    916.468535652      0.000000000
   14    1    0    1    1.00      3.004587538      3.763675211      6.768262749      0.000000000
   14    1    1    1    1.00      3.004587538      3.373553566      6.378141104      0.982554703
   14    1    2    1    1.00      3.004587538      4.008908337      7.013495875      0.665858432
   14    2    0    1    1.00     20.199985841      6.445300653     26.645286494      0.972977700
   14    2    1    1    1.00     20.199985841      6.952169352     27.152155193      0.000000000
   14    2    2    1    1.00     20.199985841      6.356570413     26.556556254      0.977584425
   14    3    0    1    1.00     65.825017922     10.495901195     76.320919117      0.000000001
   14    3    1    1    1.00     65.825017922      9.915798713     75.740816635      0.970913500
   14    3    2    1    1.00     65.825017922     10.495517954     76.320535876      0.000000000
   14    4    0    1    1.00    156.167060518     13.770231275    169.937291793      0.968321626
   14    4    1    1    1.00    156.167060518     14.344810776    170.511871293      0.000000002
   14    4    2    1    1.00    156.167060518     13.718455359    169.885515876      0.970522750
   14    5    0    1    1.00    309.137284979     18.458536860    327.595821839      0.000000004
   14    5    1    1    1.00    309.137284979     17.895544580    327.032829560      0.967690321
   14    5    2    1    1.00    309.137284979     18.467390543    327.604675522      0.000000003
   14    6    0    1    1.00    544.263442282     22.438787696    566.702229978      0.964983931
   14    6    1    1    1.00    544.263442282     22.924628981    567.188071263      0.000000001
   14    6    2    1    1.00    544.263442282     22.392031364    566.655473646      0.966739767
   14    7    0    1    1.00    885.484806232     27.595428066    913.080234297      0.000000000
   14    7    1    1    1.00    885.484806232     27.519703811    913.004510043      0.969696709
   14    7    2    1    1.00    885.484806232     27.617101497    913.101907729      0.000000000
   15    1    0    1    1.00      3.004223630      3.764029338      6.768252968      0.000000000
   15    1    1    1    1.00      3.004223630      3.373303392      6.377527022      0.982598123
   15    1    2    1    1.00      3.004223630      4.009082374      7.013306005      0.666049935
   15    2    0    1    1.00     20.197639357      6.444726160     26.642365517      0.973074419
   15    2    1    1    1.00     20.197639357      6.952790965     27.150430322      0.000000000
   15    2    2    1    1.00     20.197639357      6.355894756     26.553534113      0.977660204
   15    3    0    1    1.00     65.816641868     10.496908148     76.313550016      0.000000000
   15    3    1    1    1.00     65.816641868      9.914599617     75.731241485      0.971048291
   15    3    2    1    1.00     65.816641868     10.496548978     76.313190846      0.000000000
   15    4    0    1    1.00    156.143332654     13.768291074    169.911623728      0.968520697
   15    4    1    1    1.00    156.143332654     14.346497844    170.489830499      0.000000002
   15    4    2    1    1.00    156.143332654     13.716369458    169.859702112      0.970712739
   15    5    0    1    1.00    309.076628481     18.461236839    327.537865320      0.000000004
   15    5    1    1    1.00    309.076628481     17.890386375    326.967014856      0.967938816
   15    5    2    1    1.00    309.076628481     18.469610266    327.546238747      0.000000002
   15    6    0    1    1.00    544.005389264     22.329113725    566.334502989      0.966717077
   15    6    1    1    1.00    544.005389264     22.830137430    566.835526694      0.000000000
   15    6    2    1    1.00    544.005389264     22.291173234    566.296562498      0.968151951
   15    7    0    1    1.00    882.676623796     27.673473827    910.350097622      0.000000000
   15    7    1    1    1.00    882.676623796     27.321372548    909.997996344      0.966617114
   15    7    2    1    1.00    882.676623796     27.695117017    910.371740813      0.000000000
   16    1    0    1    1.00      3.003911626      3.764333835      6.768245461      0.000000000
   16    1    1    1    1.00      3.003911626      3.373091607      6.377003233      0.982635298
   16    1    2    1    1.00      3.003911626      4.009232771      7.013144397      0.666214300
   16    2    0    1    1.00     20.195657661      6.444249598     26.639907259      0.973156095
   16    2    1    1    1.00     20.195657661      6.953315078     27.148972739      0.000000000
   16    2    2    1    1.00     20.195657661      6.355333565     26.550991226      0.977724330
   16    3    0    1    1.00     65.809710080     10.497731600     76.307441680      0.000000001
   16    3    1    1    1.00     65.809710080      9.913633962     75.723344043      0.971162703
   16    3    2    1    1.00     65.809710080     10.497393058     76.307103138      0.000000000
   16    4    0    1    1.00    156.124310766     13.766659325    169.890970092      0.968679803
   16    4    1    1    1.00    156.124310766     14.347828744    170.472139510      0.000000002
   16    4    2    1    1.00    156.124310766     13.714573244    169.838884010      0.970860240
   16    5    0    1    1.00    309.029966163     18.463590300    327.493556463      0.000000005
   16    5    1    1    1.00    309.029966163     17.887487334    326.917453497      0.968215862
   16    5    2    1    1.00    309.029966163     18.471952466    327.501918629      0.000000003
   16    6    0    1    1.00    543.795312238     22.302177550    566.097489788      0.966211894
   16    6    1    1    1.00    543.795312238     22.829537983    566.624850221      0.000000007
   16    6    2    1    1.00    543.795312238     22.266542220    566.061854459      0.967713874
   16    7    0    1    1.00    881.772654882     27.453640845    909.226295727      0.000000000
   16    7    1    1    1.00    881.772654882     27.074568565    908.847223446      0.967717819
   16    7    2    1    1.00    881.772654882     27.468817609    909.241472491      0.000000000
   17    1    0    1    1.00      3.003641296      3.764598314      6.768239610      0.000000000
   17    1    1    1    1.00      3.003641296      3.372910114      6.376551410      0.982667444
   17    1    2    1    1.00      3.003641296      4.009363948      7.013005244      0.666356960
   17    2    0    1    1.00     20.193962693      6.443848621     26.637811314      0.973225956
   17    2    1    1    1.00     20.193962693      6.953762473     27.147725166      0.000000000
   17    2    2    1    1.00     20.193962693      6.354860669     26.548823361      0.977779320
   17    3    0    1    1.00     65.803876810     10.498421771     76.302298581      0.000000001
   17    3    1    1    1.00     65.803876810      9.912835605     75.716712415      0.971259348
   17    3    2    1    1.00     65.803876810     10.498099626     76.301976436      0.000000000
   17    4    0    1    1.00    156.108678596     13.765324207    169.874002803      0.968818060
   17    4    1    1    1.00    156.108678596     14.348881828    170.457560424      0.000000002
   17    4    2    1    1.00    156.108678596     13.713144018    169.821822614      0.970989660
   17    5    0    1    1.00    308.992815272     18.465339886    327.458155157      0.000000004
   17    5    1    1    1.00    308.992815272     17.885400376    326.878215648      0.968393684
   17    5    2    1    1.00    308.992815272     18.473710832    327.466526104      0.000000003
   17    6    0    1    1.00    543.709117452     22.284901651    565.994019103      0.967243810
   17    6    1    1    1.00    543.709117452     22.822834580    566.531952031      0.000000007
   17    6    2    1    1.00    543.709117452     22.249672930    565.958790382      0.968589981
   17    7    0    1    1.00    880.921453728     27.459361410    908.380815138      0.000000000
   17    7    1    1    1.00    880.921453728     26.998007992    907.919461721      0.965783793
   17    7    2    1    1.00    880.921453728     27.469224587    908.390678315      0.000000005
   18    1    0    1    1.00      3.003404915      3.764830079      6.768234995      0.000000000
   18    1    1    1    1.00      3.003404915      3.372752953      6.376157868      0.982695509
   18    1    2    1    1.00      3.003404915      4.009479312      7.012884228      0.666481834
   18    2    0    1    1.00     20.192497086      6.443506663     26.636003750      0.973286315
   18    2    1    1    1.00     20.192497086      6.954148759     27.146645845      0.000000000
   18    2    2    1    1.00     20.192497086      6.354456903     26.546953990      0.977826914
   18    3    0    1    1.00     65.798901984     10.499006996     76.297908980      0.000000001
   18    3    1    1    1.00     65.798901984      9.912168370     75.711070354      0.971342299
   18    3    2    1    1.00     65.798901984     10.498698348     76.297600332      0.000000000
   18    4    0    1    1.00    156.095603860     13.764208991    169.859812851      0.968933885
   18    4    1    1    1.00    156.095603860     14.349759369    170.445363229      0.000000002
   18    4    2    1    1.00    156.095603860     13.711951632    169.807555492      0.971097644
   18    5    0    1    1.00    308.962284364     18.466707187    327.428991551      0.000000004
   18    5    1    1    1.00    308.962284364     17.883665518    326.845949882      0.968549694
   18    5    2    1    1.00    308.962284364     18.475127467    327.437411831      0.000000002
   18    6    0    1    1.00    543.641000845     22.280876754    565.921877599      0.967473768
   18    6    1    1    1.00    543.641000845     22.824837831    566.465838676      0.000000007
   18    6    2    1    1.00    543.641000845     22.245129468    565.886130313      0.968788414
   18    7    0    1    1.00    880.674590428     27.401345221    908.075935649      0.000000000
   18    7    1    1    1.00    880.674590428     26.918078735    907.592669163      0.967158077
   18    7    2    1    1.00    880.674590428     27.412448940    908.087039368      0.000000000
   19    1    0    1    1.00      3.003196544      3.765034772      6.768231316      0.000000000
   19    1    1    1    1.00      3.003196544      3.372615616      6.375812160      0.982720208
   19    1    2    1    1.00      3.003196544      4.009581521      7.012778064      0.666592119
   19    2    0    1    1.00     20.191217724      6.443211762     26.634429486      0.973338956
   19    2    1    1    1.00     20.191217724      6.954485460     27.145703184      0.000000000
   19    2    2    1    1.00     20.191217724      6.354108356     26.545326080      0.977868483
   19    3    0    1    1.00     65.794610403     10.499509635     76.294120039      0.000000001
   19    3    1    1    1.00     65.794610403      9.911601264     75.706211667      0.971413982
   19    3    2    1    1.00     65.794610403     10.499212395     76.293822798      0.000000000
   19    4    0    1    1.00    156.084506351     13.763284675    169.847791027      0.969034231
   19    4    1    1    1.00    156.084506351     14.350493806    170.435000157      0.000000002
   19    4    2    1    1.00    156.084506351     13.710963460    169.795469812      0.971191234
   19    5    0    1    1.00    308.937019398     18.467818930    327.404838328      0.000000004
   19    5    1    1    1.00    308.937019398     17.882163511    326.819182909      0.968678350
   19    5    2    1    1.00    308.937019398     18.476269911    327.413289309      0.000000002
   19    6    0    1    1.00    543.586826901     22.278379149    565.865206049      0.967696061
   19    6    1    1    1.00    543.586826901     22.826708552    566.413535452      0.000000007
   19    6    2    1    1.00    543.586826901     22.242614848    565.829441749      0.968997752
   19    7    0    1    1.00    880.472197451     27.400478362    907.872675813      0.000000007
   19    7    1    1    1.00    880.472197451     26.897764204    907.369961654      0.966952292
   19    7    2    1    1.00    880.472197451     27.412201901    907.884399352      0.000000011
   20    1    0    1    1.00      3.003011542      3.765216816      6.768228358      0.000000000
   20    1    1    1    1.00      3.003011542      3.372494632      6.375506174      0.982742102
   20    1    2    1    1.00      3.003011542      4.009672664      7.012684206      0.666690167
   20    2    0    1    1.00     20.190091601      6.442954970     26.633046571      0.973385236
   20    2    1    1    1.00     20.190091601      6.954781447     27.144873048      0.000000000
   20    2    2    1    1.00     20.190091601      6.353804571     26.543896173      0.977905076
   20    3    0    1    1.00     65.790871244     10.499945656     76.290816900      0.000000000
   20    3    1    1    1.00     65.790871244      9.911113866     75.701985110      0.971476526
   20    3    2    1    1.00     65.790871244     10.499658159     76.290529403      0.000000000
   20    4    0    1    1.00    156.074965930     13.762502554    169.837468483      0.969120753
   20    4    1    1    1.00    156.074965930     14.351120681    170.426086611      0.000000002
   20    4    2    1    1.00    156.074965930     13.710128041    169.785093970      0.971272030
   20    5    0    1    1.00    308.915722058     18.468717240    327.384439298      0.000000004
   20    5    1    1    1.00    308.915722058     17.880909796    326.796631854      0.968791623
   20    5    2    1    1.00    308.915722058     18.477201704    327.392923762      0.000000003
   20    6    0    1    1.00    543.542326624     22.276581474    565.818908098      0.967844344
   20    6    1    1    1.00    543.542326624     22.828150463    566.370477087      0.000000007
   20    6    2    1    1.00    543.542326624     22.240651552    565.782978176      0.969143566
   20    7    0    1    1.00    880.378072495     27.396924995    907.774997490      0.000000009
   20    7    1    1    1.00    880.378072495     26.884197314    907.262269809      0.967714316
   20    7    2    1    1.00    880.378072495     27.408413267    907.786485762      0.000000011
    5    1    0    1    0.28      1.026588067      1.266712629      2.293300696      0.000000000
    5    1    1    1    0.28      1.026588067      1.235078927      2.261666994      0.952918780
    5    1    2    1    0.28      1.026588067      1.368435613      2.395023680      0.723831201
    5    2    0    1    0.28      7.734910615      2.561380861     10.296291476      0.936193086
    5    2    1    1    0.28      7.734910615      2.656150515     10.391061130      0.000000000
    5    2    2    1    0.28      7.734910615      2.555724631     10.290635246      0.955428631
    5    3    0    1    0.28     27.211136030      4.822644011     32.033780040      0.000000000
    5    3    1    1    0.28     27.211136030      4.573189327     31.784325357      0.939552590
    5    3    2    1    0.28     27.211136030      4.752995123     31.964131153      0.877051402
    6    1    0    1    0.28      1.025448803      1.267679503      2.293128306      0.000000000
    6    1    1    1    0.28      1.025448803      1.233952038      2.259400841      0.954443882
    6    1    2    1    0.28      1.025448803      1.368760464      2.394209267      0.726391633
    6    2    0    1    0.28      7.657401033      2.515842216     10.173243250      0.924823997
    6    2    1    1    0.28      7.657401033      2.650182394     10.307583427      0.000000000
    6    2    2    1    0.28      7.657401033      2.488506602     10.145907635      0.942021016
    6    3    0    1    0.28     26.601137909      4.338140240     30.939278149      0.000000000
    6    3    1    1    0.28     26.601137909      4.224234501     30.825372410      0.946081730
    6    3    2    1    0.28     26.601137909      4.303971492     30.905109400      0.000000000
    6    4    0    1    0.28     67.356005444      6.818407117     74.174412561      0.930582025
    6    4    1    1    0.28     67.356005444      6.873260165     74.229265609      0.000000000
    6    4    2    1    0.28     67.356005444      6.822659768     74.178665212      0.939182798
    7    1    0    1    0.28      1.024705858      1.268347882      2.293053740      0.000000000
    7    1    1    1    0.28      1.024705858      1.233183301      2.257889160      0.955352842
    7    1    2    1    0.28      1.024705858      1.368908942      2.393614800      0.727803897
    7    2    0    1    0.28      7.649384187      2.490529118     10.139913305      0.937726510
    7    2    1    1    0.28      7.649384187      2.624553972     10.273938159      0.000000000
    7    2    2    1    0.28      7.649384187      2.465022135     10.114406322      0.949611462
    7    3    0    1    0.28     26.028089695      4.314323404     30.342413099      0.921281928
    7    3    1    1    0.28     26.028089695      4.090529726     30.118619421      0.931852653
    7    3    2    1    0.28     26.028089695      4.261774500     30.289864195      0.912490652
    7    4    0    1    0.28     65.490857309      6.271486700     71.762344009      0.947031691
    7    4    1    1    0.28     65.490857309      6.203183591     71.694040900      0.000000000
    7    4    2    1    0.28     65.490857309      6.231488262     71.722345571      0.953316904
    8    1    0    1    0.28      1.024199570      1.268820381      2.293019951      0.000000000
    8    1    1    1    0.28      1.024199570      1.232725939      2.256925508      0.955954188
    8    1    2    1    0.28      1.024199570      1.369055897      2.393255467      0.728759162
    8    2    0    1    0.28      7.644570501      2.486313033     10.130883534      0.939356379
    8    2    1    1    0.28      7.644570501      2.624950327     10.269520829      0.000000000
    8    2    2    1    0.28      7.644570501      2.460581865     10.105152366      0.950803766
    8    3    0    1    0.28     25.876483115      4.165060510     30.041543625      0.000000000
    8    3    1    1    0.28     25.876483115      3.990227178     29.866710293      0.938538948
    8    3    2    1    0.28     25.876483115      4.159802201     30.036285316      0.000000000
    8    4    0    1    0.28     63.772213069      6.010849186     69.783062256      0.935814749
    8    4    1    1    0.28     63.772213069      6.208256280     69.980469350      0.926584240
    8    4    2    1    0.28     63.772213069      5.959831956     69.732045026      0.943380687
    9    1    0    1    0.28      1.023830196      1.269169007      2.292999204      0.000000000
    9    1    1    1    0.28      1.023830196      1.232402126      2.256232322      0.956369387
    9    1    2    1    0.28      1.023830196      1.369164627      2.392994824      0.729394361
    9    2    0    1    0.28      7.641346518      2.485216260     10.126562779      0.940716678
    9    2    1    1    0.28      7.641346518      2.625485762     10.266832280      0.000000000
    9    2    2    1    0.28      7.641346518      2.459131396     10.100477915      0.951872235
    9    3    0    1    0.28     25.778013415      4.136879498     29.914892913      0.901781583
    9    3    1    1    0.28     25.778013415      3.952649956     29.730663371      0.933643579
    9    3    2    1    0.28     25.778013415      4.107638088     29.885651503      0.901252400
    9    4    0    1    0.28     63.120467682      5.784031772     68.904499453      0.941011569
    9    4    1    1    0.28     63.120467682      5.939140863     69.059608545      0.000000000
    9    4    2    1    0.28     63.120467682      5.749796700     68.870264381      0.946725066
    9    5    0    1    0.28    129.864022786      8.309716089    138.173738875      0.000000000
    9    5    1    1    0.28    129.864022786      8.222742280    138.086765066      0.936866788
    9    5    2    1    0.28    129.864022786      8.362576655    138.226599441      0.000000006
   10    1    0    1    0.28      1.023550507      1.269437264      2.292987771      0.000000000
   10    1    1    1    0.28      1.023550507      1.232168228      2.255718735      0.956676264
   10    1    2    1    0.28      1.023550507      1.369255577      2.392806084      0.729868180
   10    2    0    1    0.28      7.639037425      2.484553815     10.123591240      0.941515444
   10    2    1    1    0.28      7.639037425      2.626014402     10.265051828      0.000000000
   10    2    2    1    0.28      7.639037425      2.458186294     10.097223720      0.952525234
   10    3    0    1    0.28     25.763444853      4.122667150     29.886112003      0.877356975
   10    3    1    1    0.28     25.763444853      3.929712622     29.693157475      0.940606189
   10    3    2    1    0.28     25.763444853      4.095159550     29.858604403      0.887792267
   10    4    0    1    0.28     62.523369278      5.677289633     68.200658911      0.932714356
   10    4    1    1    0.28     62.523369278      5.859455196     68.382824474      0.920776663
   10    4    2    1    0.28     62.523369278      5.661088353     68.184457631      0.937617042
   10    5    0    1    0.28    128.046099138      7.895526461    135.941625599      0.000000000
   10    5    1    1    0.28    128.046099138      7.864130845    135.910229983      0.945013251
   10    5    2    1    0.28    128.046099138      7.896821098    135.942920236      0.000000000
   10    6    0    1    0.28    234.748295816     10.571989072    245.320284888      0.000000001
   10    6    1    1    0.28    234.748295816     10.501081992    245.249377808      0.000000000
   10    6    2    1    0.28    234.748295816     10.595779928    245.344075744      0.000000000
   11    1    0    1    0.28      1.023331587      1.269648917      2.292980504      0.000000000
   11    1    1    1    0.28      1.023331587      1.231990290      2.255321877      0.956909739
   11    1    2    1    0.28      1.023331587      1.369330398      2.392661985      0.730227220
   11    2    0    1    0.28      7.637323547      2.484090821     10.121414368      0.942086627
   11    2    1    1    0.28      7.637323547      2.626400348     10.263723895      0.000000000
   11    2    2    1    0.28      7.637323547      2.457519676     10.094843223      0.952991268
   11    3    0    1    0.28     25.753494506      4.103965536     29.857460043      0.908727203
   11    3    1    1    0.28     25.753494506      3.923989324     29.677483830      0.941532096
   11    3    2    1    0.28     25.753494506      4.079351591     29.832846098      0.906492588
   11    4    0    1    0.28     62.334012342      5.594396308     67.928408650      0.937282101
   11    4    1    1    0.28     62.334012342      5.796536597     68.130548939      0.820555423
   11    4    2    1    0.28     62.334012342      5.576757765     67.910770107      0.941390679
   11    5    0    1    0.28    126.327142186      7.867836539    134.194978724      0.931069755
   11    5    1    1    0.28    126.327142186      7.674904481    134.002046667      0.939245606
   11    5    2    1    0.28    126.327142186      7.841811056    134.168953242      0.926107353
   12    1    0    1    0.28      1.023155941      1.269820108      2.292976049      0.000000000
   12    1    1    1    0.28      1.023155941      1.231850504      2.255006444      0.957094587
   12    1    2    1    0.28      1.023155941      1.369393361      2.392549302      0.730507540
   12    2    0    1    0.28      7.636000708      2.483752608     10.119753316      0.942516113
   12    2    1    1    0.28      7.636000708      2.626707139     10.262707847      0.000000000
   12    2    2    1    0.28      7.636000708      2.457027578     10.093028286      0.953338899
   12    3    0    1    0.28     25.747564260      4.103031939     29.850596199      0.910487226
   12    3    1    1    0.28     25.747564260      3.922427995     29.669992255      0.942717338
   12    3    2    1    0.28     25.747564260      4.078551437     29.826115697      0.907908588
   12    4    0    1    0.28     62.194759939      5.559764195     67.754524134      0.934157390
   12    4    1    1    0.28     62.194759939      5.719795805     67.914555744      0.913584509
   12    4    2    1    0.28     62.194759939      5.540187168     67.734947108      0.938375433
   12    5    0    1    0.28    125.573974456      7.693768650    133.267743106      0.000000000
   12    5    1    1    0.28    125.573974456      7.496884184    133.070858641      0.942600378
   12    5    2    1    0.28    125.573974456      7.681613795    133.255588252      0.000000002
   12    6    0    1    0.28    226.838304006      9.953946710    236.792250716      0.936720819
   12    6    1    1    0.28    226.838304006     10.049945505    236.888249511      0.000000000
   12    6    2    1    0.28    226.838304006      9.935590636    236.773894642      0.941883103
   13    1    0    1    0.28      1.023012065      1.269961180      2.292973246      0.000000000
   13    1    1    1    0.28      1.023012065      1.231738157      2.254750222      0.957243749
   13    1    2    1    0.28      1.023012065      1.369446695      2.392458761      0.730733417
   13    2    0    1    0.28      7.634951850      2.483490329     10.118442179      0.942852485
   13    2    1    1    0.28      7.634951850      2.626948584     10.261900434      0.000000000
   13    2    2    1    0.28      7.634951850      2.456647082     10.091598931      0.953609707
   13    3    0    1    0.28     25.743082411      4.101985880     29.845068291      0.912509213
   13    3    1    1    0.28     25.743082411      3.921739639     29.664822050      0.943275082
   13    3    2    1    0.28     25.743082411      4.077774685     29.820857097      0.909431324
   13    4    0    1    0.28     62.167502651      5.534292846     67.701795497      0.939581561
   13    4    1    1    0.28     62.167502651      5.705792987     67.873295638      0.899834848
   13    4    2    1    0.28     62.167502651      5.516042526     67.683545177      0.942840696
   13    5    0    1    0.28    124.879696088      7.584981494    132.464677582      0.925142779
   13    5    1    1    0.28    124.879696088      7.407129306    132.286825394      0.936337500
   13    5    2    1    0.28    124.879696088      7.562669546    132.442365634      0.923123113
   13    6    0    1    0.28    224.868329492      9.675343414    234.543672906      0.943499687
   13    6    1    1    0.28    224.868329492      9.727426096    234.595755588      0.000000000
   13    6    2    1    0.28    224.868329492      9.649574604    234.517904096      0.946659018
   13    7    0    1    0.28    375.015535565     12.264341081    387.279876646      0.000000000
   13    7    1    1    0.28    375.015535565     12.339455957    387.354991522      0.000000002
   13    7    2    1    0.28    375.015535565     12.279892740    387.295428305      0.000000000
   14    1    0    1    0.28      1.022892197      1.270079336      2.292971533      0.000000000
   14    1    1    1    0.28      1.022892197      1.231645890      2.254538087      0.957366926
   14    1    2    1    0.28      1.022892197      1.369492454      2.392384651      0.730917575
   14    2    0    1    0.28      7.634100239      2.483282909     10.117383148      0.943122211
   14    2    1    1    0.28      7.634100239      2.627145393     10.261245633      0.000000000
   14    2    2    1    0.28      7.634100239      2.456345273     10.090445512      0.953826076
   14    3    0    1    0.28     25.739579325      4.101486416     29.841065742      0.913448607
   14    3    1    1    0.28     25.739579325      3.921212162     29.660791487      0.943701176
   14    3    2    1    0.28     25.739579325      4.077386364     29.816965690      0.910242032
   14    4    0    1    0.28     62.147615337      5.526249533     67.673864870      0.940261722
   14    4    1    1    0.28     62.147615337      5.684019352     67.831634689      0.918349606
   14    4    2    1    0.28     62.147615337      5.508192738     67.655808074      0.943494102
   14    5    0    1    0.28    124.621375760      7.528859449    132.150235210      0.865533946
   14    5    1    1    0.28    124.621375760      7.328456925    131.949832685      0.939415440
   14    5    2    1    0.28    124.621375760      7.511037811    132.132413572      0.877804184
   14    6    0    1    0.28    222.990161641      9.518241699    232.508403340      0.939549868
   14    6    1    1    0.28    222.990161641      9.684720940    232.674882581      0.930767468
   14    6    2    1    0.28    222.990161641      9.490735251    232.480896892      0.942578453
   15    1    0    1    0.28      1.022790880      1.270179652      2.292970532      0.000000000
   15    1    1    1    0.28      1.022790880      1.231568938      2.254359818      0.957470100
   15    1    2    1    0.28      1.022790880      1.369531992      2.392322872      0.731071559
   15    2    0    1    0.28      7.633395806      2.483115434     10.116511240      0.943343420
   15    2    1    1    0.28      7.633395806      2.627308524     10.260704330      0.000000000
   15    2    2    1    0.28      7.633395806      2.456100916     10.089496722      0.954002685
   15    3    0    1    0.28     25.736776877      4.101098240     29.837875117      0.914177071
   15    3    1    1    0.28     25.736776877      3.920797660     29.657574538      0.944036603
   15    3    2    1    0.28     25.736776877      4.077086747     29.813863625      0.910869139
   15    4    0    1    0.28     62.138335509      5.523436534     67.661772043      0.941658563
   15    4    1    1    0.28     62.138335509      5.682695179     67.821030688      0.918975352
   15    4    2    1    0.28     62.138335509      5.505630322     67.643965831      0.944706983
   15    5    0    1    0.28    124.414906960      7.450106463    131.865013423      0.920542294
   15    5    1    1    0.28    124.414906960      7.291581831    131.706488791      0.936710019
   15    5    2    1    0.28    124.414906960      7.436053455    131.850960415      0.919453791
   15    6    0    1    0.28    222.074212072      9.357563601    231.431775673      0.942591904
   15    6    1    1    0.28    222.074212072      9.557038784    231.631250856      0.000000003
   15    6    2    1    0.28    222.074212072      9.335245696    231.409457768      0.944954436
   15    7    0    1    0.28    366.821562816     11.931456364    378.753019181      0.000000000
   15    7    1    1    0.28    366.821562816     11.863026652    378.684589468      0.938626723
   15    7    2    1    0.28    366.821562816     11.950687509    378.772250325      0.000000000
   16    1    0    1    0.28      1.022704187      1.270265826      2.292970012      0.000000000
   16    1    1    1    0.28      1.022704187      1.231503835      2.254208022      0.957557778
   16    1    2    1    0.28      1.022704187      1.369566489      2.392270675      0.731201458
   16    2    0    1    0.28      7.632803491      2.482977313     10.115780804      0.943527759
   16    2    1    1    0.28      7.632803491      2.627445681     10.260249172      0.000000000
   16    2    2    1    0.28      7.632803491      2.455899041     10.088702533      0.954149455
   16    3    0    1    0.28     25.734484181      4.100797051     29.835281233      0.914757931
   16    3    1    1    0.28     25.734484181      3.920468800     29.654952981      0.944307438
   16    3    2    1    0.28     25.734484181      4.076857183     29.811341364      0.911369543
   16    4    0    1    0.28     62.131158094      5.522558321     67.653716415      0.942096702
   16    4    1    1    0.28     62.131158094      5.680637422     67.811795516      0.921193564
   16    4    2    1    0.28     62.131158094      5.504690510     67.635848604      0.945143473
   16    5    0    1    0.28    124.362960000      7.433317974    131.796277974      0.908072471
   16    5    1    1    0.28    124.362960000      7.261530582    131.624490582      0.940809496
   16    5    2    1    0.28    124.362960000      7.419706230    131.782666230      0.909431203
   16    6    0    1    0.28    221.218796945      9.270105454    230.488902399      0.937953684
   16    6    1    1    0.28    221.218796945      9.428888771    230.647685716      0.928034831
   16    6    2    1    0.28    221.218796945      9.254454848    230.473251793      0.940046704
   16    7    0    1    0.28    364.575067266     11.666974527    376.242041793      0.000000000
   16    7    1    1    0.28    364.575067266     11.618743074    376.193810339      0.944463625
   16    7    2    1    0.28    364.575067266     11.671732146    376.246799412      0.000000000
   17    1    0    1    0.28      1.022629212      1.270340604      2.292969816      0.000000000
   17    1    1    1    0.28      1.022629212      1.231448107      2.254077320      0.957633121
   17    1    2    1    0.28      1.022629212      1.369596793      2.392226005      0.731312937
   17    2    0    1    0.28      7.632298966      2.482861796     10.115160762      0.943683641
   17    2    1    1    0.28      7.632298966      2.627562599     10.259861565      0.000000000
   17    2    2    1    0.28      7.632298966      2.455729826     10.088028792      0.954273162
   17    3    0    1    0.28     25.732573086      4.100553735     29.833126820      0.915226598
   17    3    1    1    0.28     25.732573086      3.920199960     29.652773046      0.944530312
   17    3    2    1    0.28     25.732573086      4.076673566     29.809246652      0.911774199
   17    4    0    1    0.28     62.125401613      5.522033083     67.647434695      0.942462666
   17    4    1    1    0.28     62.125401613      5.680147360     67.805548973      0.921809903
   17    4    2    1    0.28     62.125401613      5.504101816     67.629503429      0.945503071
   17    5    0    1    0.28    124.323185418      7.405286343    131.728471761      0.924033334
   17    5    1    1    0.28    124.323185418      7.250078584    131.573264002      0.941201217
   17    5    2    1    0.28    124.323185418      7.393127117    131.716312535      0.922604690
   17    6    0    1    0.28    220.853715794      9.189924673    230.043640467      0.940146566
   17    6    1    1    0.28    220.853715794      9.375281469    230.228997264      0.889499980
   17    6    2    1    0.28    220.853715794      9.174866041    230.028581836      0.942063279
   17    7    0    1    0.28    362.422702681     11.639942948    374.062645629      0.931212331
   17    7    1    1    0.28    362.422702681     11.473784858    373.896487539      0.941644827
   17    7    2    1    0.28    362.422702681     11.625302035    374.048004716      0.930636675
   18    1    0    1    0.28      1.022563769      1.270406074      2.292969843      0.000000000
   18    1    1    1    0.28      1.022563769      1.231399908      2.253963677      0.957698521
   18    1    2    1    0.28      1.022563769      1.369623608      2.392187377      0.731409361
   18    2    0    1    0.28      7.631864159      2.482763814     10.114627973      0.943817089
   18    2    1    1    0.28      7.631864159      2.627663384     10.259527543      0.000000000
   18    2    2    1    0.28      7.631864159      2.455586037     10.087450196      0.954378798
   18    3    0    1    0.28     25.730957063      4.100354787     29.831311850      0.915615362
   18    3    1    1    0.28     25.730957063      3.919976911     29.650933974      0.944717069
   18    3    2    1    0.28     25.730957063      4.076524917     29.807481980      0.912109801
   18    4    0    1    0.28     62.120671325      5.521617528     67.642288853      0.942749239
   18    4    1    1    0.28     62.120671325      5.679760647     67.800431972      0.922311268
   18    4    2    1    0.28     62.120671325      5.503634430     67.624305755      0.945786442
   18    5    0    1    0.28    124.308864904      7.402784571    131.711649475      0.923749884
   18    5    1    1    0.28    124.308864904      7.244798119    131.553663023      0.942845667
   18    5    2    1    0.28    124.308864904      7.390694448    131.699559352      0.922440426
   18    6    0    1    0.28    220.544104634      9.149071402    229.693176035      0.937428265
   18    6    1    1    0.28    220.544104634      9.294125499    229.838230132      0.924637896
   18    6    2    1    0.28    220.544104634      9.134794534    229.678899167      0.939520190
   18    7    0    1    0.28    361.277042700     11.526315359    372.803358060      0.000000006
   18    7    1    1    0.28    361.277042700     11.322197368    372.599240069      0.944201336
   18    7    2    1    0.28    361.277042700     11.521120527    372.798163228      0.000000011
   19    1    0    1    0.28      1.022506176      1.270463843      2.292970019      0.000000000
   19    1    1    1    0.28      1.022506176      1.231357838      2.253864014      0.957755791
   19    1    2    1    0.28      1.022506176      1.369647484      2.392153660      0.731493735
   19    2    0    1    0.28      7.631485804      2.482679668     10.114165472      0.943932551
   19    2    1    1    0.28      7.631485804      2.627751049     10.259236853      0.000000000
   19    2    2    1    0.28      7.631485804      2.455462410     10.086948214      0.954469969
   19    3    0    1    0.28     25.729572862      4.100188472     29.829761334      0.915941193
   19    3    1    1    0.28     25.729572862      3.919788992     29.649361854      0.944875766
   19    3    2    1    0.28     25.729572862      4.076401905     29.805974768      0.912391729
   19    4    0    1    0.28     62.116719918      5.521279235     67.637999153      0.942985543
   19    4    1    1    0.28     62.116719918      5.679450550     67.796170467      0.922716062
   19    4    2    1    0.28     62.116719918      5.503253601     67.619973519      0.946019461
   19    5    0    1    0.28    124.297664340      7.398151344    131.695815684      0.926881286
   19    5    1    1    0.28    124.297664340      7.243089309    131.540753648      0.943223277
   19    5    2    1    0.28    124.297664340      7.386557843    131.684222183      0.925131901
   19    6    0    1    0.28    220.446479317      9.112320591    229.558799909      0.940773443
   19    6    1    1    0.28    220.446479317      9.273303866    229.719783183      0.913043620
   19    6    2    1    0.28    220.446479317      9.098785663    229.545264980      0.942504537
   19    7    0    1    0.28    360.193911247     11.394629705    371.588540952      0.931274241
   19    7    1    1    0.28    360.193911247     11.235923061    371.429834309      0.940473533
   19    7    2    1    0.28    360.193911247     11.381282670    371.575193917      0.930313819
   20    1    0    1    0.28      1.022455122      1.270515175      2.292970297      0.000000000
   20    1    1    1    0.28      1.022455122      1.231320824      2.253775946      0.957806328
   20    1    2    1    0.28      1.022455122      1.369668864      2.392123987      0.731568074
   20    2    0    1    0.28      7.631153695      2.482606720     10.113760415      0.944033386
   20    2    1    1    0.28      7.631153695      2.627828000     10.258981694      0.000000000
   20    2    2    1    0.28      7.631153695      2.455355078     10.086508773      0.954549418
   20    3    0    1    0.28     25.728374363      4.100047677     29.828422041      0.916218911
   20    3    1    1    0.28     25.728374363      3.919628421     29.648002784      0.945012262
   20    3    2    1    0.28     25.728374363      4.076298660     29.804673024      0.912632157
   20    4    0    1    0.28     62.113368204      5.520999211     67.634367416      0.943183928
   20    4    1    1    0.28     62.113368204      5.679195734     67.792563939      0.923049913
   20    4    2    1    0.28     62.113368204      5.502938233     67.616306437      0.946214616
   20    5    0    1    0.28    124.289158177      7.397587822    131.686745999      0.927357138
   20    5    1    1    0.28    124.289158177      7.242376058    131.531534235      0.943610570
   20    5    2    1    0.28    124.289158177      7.386027883    131.675186060      0.925594213
   20    6    0    1    0.28    220.368266329      9.096338613    229.464604942      0.940832340
   20    6    1    1    0.28    220.368266329      9.238071887    229.606338216      0.926717038
   20    6    2    1    0.28    220.368266329      9.082976208    229.451242537      0.942590208
   20    7    0    1    0.28    359.674394571     11.338443007    371.012837578      0.900416829
   20    7    1    1    0.28    359.674394571     11.151816854    370.826211425      0.942093357
   20    7    2    1    0.28    359.674394571     11.326868254    371.001262825      0.903062303
    5    1    0    1    0.10      0.441613273      0.562885699      1.004498972      0.000000000
    5    1    1    1    0.10      0.441613273      0.572916370      1.014529643      0.917969355
    5    1    2    1    0.10      0.441613273      0.607595954      1.049209226      0.789013867
    5    2    0    1    0.10      3.666399028      1.272309570      4.938708599      0.915557906
    5    2    1    1    0.10      3.666399028      1.307211542      4.973610571      0.000045325
    5    2    2    1    0.10      3.666399028      1.294063160      4.960462188      0.938152512
    5    3    0    1    0.10     13.828538326      2.486527141     16.315065467      0.000000000
    5    3    1    1    0.10     13.828538326      2.427077083     16.255615409      0.901137443
    5    3    2    1    0.10     13.828538326      2.474888492     16.303426817      0.843532683
    6    1    0    1    0.10      0.441446034      0.562954531      1.004400565      0.000000000
    6    1    1    1    0.10      0.441446034      0.572121354      1.013567387      0.921333388
    6    1    2    1    0.10      0.441446034      0.607135476      1.048581509      0.784907302
    6    2    0    1    0.10      3.596913041      1.225475528      4.822388569      0.881160959
    6    2    1    1    0.10      3.596913041      1.294228881      4.891141922      0.000000000
    6    2    2    1    0.10      3.596913041      1.222893737      4.819806778      0.907879179
    6    3    0    1    0.10     13.271967561      2.238220536     15.510188097      0.000000000
    6    3    1    1    0.10     13.271967561      2.207328727     15.479296288      0.929607064
    6    3    2    1    0.10     13.271967561      2.213184519     15.485152080      0.000000000
    6    4    0    1    0.10     35.153219310      3.690050287     38.843269597      0.000000001
    6    4    1    1    0.10     35.153219310      3.637151183     38.790370493      0.000000000
    6    4    2    1    0.10     35.153219310      3.669701611     38.822920921      0.000000002
    7    1    0    1    0.10      0.441329054      0.563056500      1.004385554      0.000000000
    7    1    1    1    0.10      0.441329054      0.571959388      1.013288442      0.922203425
    7    1    2    1    0.10      0.441329054      0.607021901      1.048350955      0.786595340
    7    2    0    1    0.10      3.589537718      1.199675533      4.789213251      0.906588778
    7    2    1    1    0.10      3.589537718      1.253583747      4.843121465      0.000000000
    7    2    2    1    0.10      3.589537718      1.192722783      4.782260501      0.924228090
    7    3    0    1    0.10     12.771860886      2.178617387     14.950478273      0.917891873
    7    3    1    1    0.10     12.771860886      2.085470017     14.857330903      0.911540677
    7    3    2    1    0.10     12.771860886      2.146943582     14.918804468      0.901371785
    8    1    0    1    0.10      0.441245371      0.563136802      1.004382174      0.000000000
    8    1    1    1    0.10      0.441245371      0.571845605      1.013090977      0.922796198
    8    1    2    1    0.10      0.441245371      0.606990475      1.048235846      0.787170871
    8    2    0    1    0.10      3.585321900      1.189689912      4.775011813      0.905752775
    8    2    1    1    0.10      3.585321900      1.250205765      4.835527666      0.000000001
    8    2    2    1    0.10      3.585321900      1.182849601      4.768171502      0.924467120
    8    3    0    1    0.10     12.553067268      2.101932870     14.655000139      0.000000000
    8    3    1    1    0.10     12.553067268      2.008739138     14.561806407      0.918254970
    8    3    2    1    0.10     12.553067268      2.071455773     14.624523042      0.000000204
    8    4    0    1    0.10     32.230965453      3.169615006     35.400580458      0.906336606
    8    4    1    1    0.10     32.230965453      3.239714370     35.470679822      0.888114852
    8    4    2    1    0.10     32.230965453      3.143050714     35.374016166      0.919725269
    9    1    0    1    0.10      0.441182628      0.563198570      1.004381197      0.000000000
    9    1    1    1    0.10      0.441182628      0.571769047      1.012951675      0.923187610
    9    1    2    1    0.10      0.441182628      0.606976031      1.048158659      0.787598017
    9    2    0    1    0.10      3.584605588      1.186919609      4.771525197      0.911151293
    9    2    1    1    0.10      3.584605588      1.246166456      4.830772044      0.000000000
    9    2    2    1    0.10      3.584605588      1.180237025      4.764842614      0.928157248
    9    3    0    1    0.10     12.423249090      2.031898577     14.455147667      0.908282683
    9    3    1    1    0.10     12.423249090      1.961607581     14.384856671      0.900480529
    9    3    2    1    0.10     12.423249090      2.015782520     14.439031610      0.899056961
    9    4    0    1    0.10     31.540454162      3.015151209     34.555605371      0.924897515
    9    4    1    1    0.10     31.540454162      3.078128533     34.618582695      0.000000002
    9    4    2    1    0.10     31.540454162      2.992313170     34.532767332      0.929413075
   10    1    0    1    0.10      0.441134211      0.563247025      1.004381235      0.000000000
   10    1    1    1    0.10      0.441134211      0.571712287      1.012846498      0.923489330
   10    1    2    1    0.10      0.441134211      0.606971615      1.048105826      0.787873216
   10    2    0    1    0.10      3.584127998      1.186369115      4.770497113      0.911686558
   10    2    1    1    0.10      3.584127998      1.246124163      4.830252161      0.000000001
   10    2    2    1    0.10      3.584127998      1.179570219      4.763698217      0.928586709
   10    3    0    1    0.10     12.388661286      2.006271901     14.394933186      0.866981718
   10    3    1    1    0.10     12.388661286      1.929441682     14.318102968      0.914061131
   10    3    2    1    0.10     12.388661286      1.989898365     14.378559651      0.852542975
   10    4    0    1    0.10     30.917250224      2.912599011     33.829849235      0.917230129
   10    4    1    1    0.10     30.917250224      2.983644654     33.900894878      0.917227988
   10    4    2    1    0.10     30.917250224      2.901331026     33.818581250      0.916886757
   11    1    0    1    0.10      0.441095807      0.563285917      1.004381723      0.000000000
   11    1    1    1    0.10      0.441095807      0.571668339      1.012764146      0.923718812
   11    1    2    1    0.10      0.441095807      0.606970293      1.048066100      0.788082300
   11    2    0    1    0.10      3.583761210      1.186230260      4.769991470      0.912403408
   11    2    1    1    0.10      3.583761210      1.246153773      4.829914983      0.000000002
   11    2    2    1    0.10      3.583761210      1.179347349      4.763108558      0.929184064
   11    3    0    1    0.10     12.366445194      1.973753880     14.340199075      0.907287046
   11    3    1    1    0.10     12.366445194      1.913100321     14.279545516      0.912143255
   11    3    2    1    0.10     12.366445194      1.961755498     14.328200692      0.898563232
   11    4    0    1    0.10     30.597981115      2.840064000     33.438045114      0.921677509
   11    4    1    1    0.10     30.597981115      2.923374489     33.521355603      0.869631410
   11    4    2    1    0.10     30.597981115      2.827047951     33.425029066      0.921884165
   11    5    0    1    0.10     63.835742628      4.117408091     67.953150719      0.901710304
   11    5    1    1    0.10     63.835742628      4.048090371     67.883832999      0.915569691
   11    5    2    1    0.10     63.835742628      4.104659182     67.940401810      0.904958922
   12    1    0    1    0.10      0.441064696      0.563317821      1.004382516      0.000000000
   12    1    1    1    0.10      0.441064696      0.571634079      1.012698774      0.923902673
   12    1    2    1    0.10      0.441064696      0.606971580      1.048036275      0.788234854
   12    2    0    1    0.10      3.583478776      1.186138523      4.769617300      0.912880422
   12    2    1    1    0.10      3.583478776      1.246213131      4.829691908      0.000000001
   12    2    2    1    0.10      3.583478776      1.179191891      4.762670667      0.929596808
   12    3    0    1    0.10     12.362796783      1.969232848     14.332029631      0.901173431
   12    3    1    1    0.10     12.362796783      1.905592656     14.268389439      0.918612444
   12    3    2    1    0.10     12.362796783      1.957163813     14.319960596      0.891598477
   12    4    0    1    0.10     30.359198442      2.789740525     33.148938966      0.909198105
   12    4    1    1    0.10     30.359198442      2.848725785     33.207924227      0.910755978
   12    4    2    1    0.10     30.359198442      2.779360379     33.138558821      0.909601893
   12    5    0    1    0.10     62.938796448      3.998776270     66.937572718      0.000000007
   12    5    1    1    0.10     62.938796448      3.914099730     66.852896178      0.926085956
   12    5    2    1    0.10     62.938796448      3.988373514     66.927169962      0.000000000
   12    6    0    1    0.10    116.708569067      5.336802152    122.045371220      0.000000011
   12    6    1    1    0.10    116.708569067      5.316778076    122.025347143      0.000000000
   12    6    2    1    0.10    116.708569067      5.348290981    122.056860048      0.000000028
   13    1    0    1    0.10      0.441039025      0.563344370      1.004383395      0.000000000
   13    1    1    1    0.10      0.441039025      0.571606315      1.012645340      0.924051629
   13    1    2    1    0.10      0.441039025      0.606973691      1.048012716      0.788357957
   13    2    0    1    0.10      3.583255716      1.186069495      4.769325212      0.913246934
   13    2    1    1    0.10      3.583255716      1.246261230      4.829516946      0.000000001
   13    2    2    1    0.10      3.583255716      1.179073705      4.762329421      0.929908951
   13    3    0    1    0.10     12.360560267      1.961024468     14.321584735      0.912851742
   13    3    1    1    0.10     12.360560267      1.902562235     14.263122503      0.918869726
   13    3    2    1    0.10     12.360560267      1.950651151     14.311211418      0.902744706
   13    4    0    1    0.10     30.263019648      2.751286682     33.014306330      0.916774180
   13    4    1    1    0.10     30.263019648      2.818386367     33.081406015      0.880224375
   13    4    2    1    0.10     30.263019648      2.740117024     33.003136672      0.917086195
   13    5    0    1    0.10     62.112734550      3.888882895     66.001617445      0.919685323
   13    5    1    1    0.10     62.112734550      3.819236300     65.931970850      0.920368207
   13    5    2    1    0.10     62.112734550      3.876515069     65.989249619      0.915390325
   14    1    0    1    0.10      0.441017516      0.563366821      1.004384337      0.000000000
   14    1    1    1    0.10      0.441017516      0.571583608      1.012601124      0.924174734
   14    1    2    1    0.10      0.441017516      0.606976338      1.047993855      0.788455068
   14    2    0    1    0.10      3.583074506      1.186016755      4.769091261      0.913537784
   14    2    1    1    0.10      3.583074506      1.246302046      4.829376552      0.000000002
   14    2    2    1    0.10      3.583074506      1.178981679      4.762056185      0.930154011
   14    3    0    1    0.10     12.359618608      1.960576453     14.320195061      0.913058235
   14    3    1    1    0.10     12.359618608      1.901769661     14.261388269      0.920206701
   14    3    2    1    0.10     12.359618608      1.950223895     14.309842504      0.902734519
   14    4    0    1    0.10     30.193579938      2.727525470     32.921105408      0.913249681
   14    4    1    1    0.10     30.193579938      2.779643729     32.973223667      0.907480502
   14    4    2    1    0.10     30.193579938      2.717339066     32.910919004      0.914473219
   14    5    0    1    0.10     61.634661242      3.828623525     65.463284767      0.893119467
   14    5    1    1    0.10     61.634661242      3.745069533     65.379730776      0.924330684
   14    5    2    1    0.10     61.634661242      3.816231371     65.450892613      0.883897387
   14    6    0    1    0.10    112.838463835      5.026091816    117.864555651      0.916409850
   14    6    1    1    0.10    112.838463835      5.083858871    117.922322706      0.904195340
   14    6    2    1    0.10    112.838463835      5.010769321    117.849233155      0.920218184
   15    1    0    1    0.10      0.440999257      0.563386011      1.004385269      0.000000000
   15    1    1    1    0.10      0.440999257      0.571564652      1.012563909      0.924278038
   15    1    2    1    0.10      0.440999257      0.606979157      1.047978414      0.788536115
   15    2    0    1    0.10      3.582924886      1.185974057      4.768898943      0.913774715
   15    2    1    1    0.10      3.582924886      1.246335744      4.829260630      0.000000003
   15    2    2    1    0.10      3.582924886      1.178907285      4.761832171      0.930351490
   15    3    0    1    0.10     12.358893520      1.959860107     14.318753627      0.914751032
   15    3    1    1    0.10     12.358893520      1.901527646     14.260421166      0.920564634
   15    3    2    1    0.10     12.358893520      1.949722856     14.308616376      0.904227030
   15    4    0    1    0.10     30.174486025      2.712205387     32.886691412      0.919311501
   15    4    1    1    0.10     30.174486025      2.769538850     32.944024875      0.898070543
   15    4    2    1    0.10     30.174486025      2.702371323     32.876857348      0.920271388
   15    5    0    1    0.10     61.232100985      3.750180027     64.982281012      0.916126618
   15    5    1    1    0.10     61.232100985      3.690482849     64.922583834      0.914857587
   15    5    2    1    0.10     61.232100985      3.742400763     64.974501748      0.912543375
   15    6    0    1    0.10    111.653398778      4.899598379    116.552997158      0.925102822
   15    6    1    1    0.10    111.653398778      4.977140361    116.630539140      0.000000000
   15    6    2    1    0.10    111.653398778      4.884326476    116.537725254      0.927151275
   16    1    0    1    0.10      0.440983579      0.563402596      1.004386175      0.000000000
   16    1    1    1    0.10      0.440983579      0.571548632      1.012532211      0.924365779
   16    1    2    1    0.10      0.440983579      0.606981969      1.047965548      0.788603337
   16    2    0    1    0.10      3.582799348      1.185939242      4.768738589      0.913970949
   16    2    1    1    0.10      3.582799348      1.246364362      4.829163710      0.000000002
   16    2    2    1    0.10      3.582799348      1.178846232      4.761645580      0.930513721
   16    3    0    1    0.10     12.358308044      1.959742568     14.318050612      0.915099861
   16    3    1    1    0.10     12.358308044      1.901416320     14.259724364      0.920903243
   16    3    2    1    0.10     12.358308044      1.949630780     14.307938824      0.904612653
   16    4    0    1    0.10     30.160983703      2.704004221     32.864987923      0.919143899
   16    4    1    1    0.10     30.160983703      2.753573894     32.914557597      0.911324447
   16    4    2    1    0.10     30.160983703      2.694502375     32.855486078      0.920356160
   16    5    0    1    0.10     61.026132595      3.713994208     64.740126803      0.892594807
   16    5    1    1    0.10     61.026132595      3.645400006     64.671532601      0.919446639
   16    5    2    1    0.10     61.026132595      3.706556646     64.732689241      0.887596732
   16    6    0    1    0.10    110.543456564      4.805028361    115.348484925      0.922148181
   16    6    1    1    0.10    110.543456564      4.863423574    115.406880139      0.918934418
   16    6    2    1    0.10    110.543456564      4.792173524    115.335630088      0.923220832
   17    1    0    1    0.10      0.440969983      0.563417057      1.004387040      0.000000000
   17    1    1    1    0.10      0.440969983      0.571534930      1.012504913      0.924441194
   17    1    2    1    0.10      0.440969983      0.606984714      1.047954697      0.788660658
   17    2    0    1    0.10      3.582692594      1.185910423      4.768603017      0.914136319
   17    2    1    1    0.10      3.582692594      1.246388930      4.829081524      0.000000002
   17    2    2    1    0.10      3.582692594      1.178795357      4.761487951      0.930649306
   17    3    0    1    0.10     12.357826681      1.959647814     14.317474495      0.915407781
   17    3    1    1    0.10     12.357826681      1.901331094     14.259157775      0.921163645
   17    3    2    1    0.10     12.357826681      1.949558540     14.307385221      0.904946166
   17    4    0    1    0.10     30.157754505      2.700310724     32.858065228      0.921812327
   17    4    1    1    0.10     30.157754505      2.751486506     32.909241011      0.910186054
   17    4    2    1    0.10     30.157754505      2.691053600     32.848808104      0.922738672
   17    5    0    1    0.10     60.862810765      3.667206633     64.530017398      0.911220717
   17    5    1    1    0.10     60.862810765      3.614211631     64.477022396      0.914673221
   17    5    2    1    0.10     60.862810765      3.661830674     64.524641439      0.908596925
   17    6    0    1    0.10    109.840574358      4.726041556    114.566615914      0.925989975
   17    6    1    1    0.10    109.840574358      4.800527766    114.641102124      0.900781302
   17    6    2    1    0.10    109.840574358      4.713658673    114.554233031      0.926815236
   17    7    0    1    0.10    183.745318828      6.128634613    189.873953441      0.888800427
   17    7    1    1    0.10    183.745318828      6.071358349    189.816677177      0.917392334
   17    7    2    1    0.10    183.745318828      6.122617316    189.867936144      0.896900703
   18    1    0    1    0.10      0.440958088      0.563429769      1.004387857      0.000000000
   18    1    1    1    0.10      0.440958088      0.571523090      1.012481178      0.924506638
   18    1    2    1    0.10      0.440958088      0.606987329      1.047945416      0.788709722
   18    2    0    1    0.10      3.582600800      1.185886112      4.768486912      0.914277364
   18    2    1    1    0.10      3.582600800      1.246410154      4.829010953      0.000000004
   18    2    2    1    0.10      3.582600800      1.178752289      4.761353089      0.930764201
   18    3    0    1    0.10     12.357424157      1.959574522     14.316998678      0.915647242
   18    3    1    1    0.10     12.357424157      1.901261568     14.258685724      0.921378376
   18    3    2    1    0.10     12.357424157      1.949502647     14.306926804      0.905211270
   18    4    0    1    0.10     30.155506471      2.698717668     32.854224138      0.922061570
   18    4    1    1    0.10     30.155506471      2.747833758     32.903340229      0.914388378
   18    4    2    1    0.10     30.155506471      2.689532566     32.845039036      0.923015355
   18    5    0    1    0.10     60.796254637      3.649718819     64.445973456      0.899133115
   18    5    1    1    0.10     60.796254637      3.590166817     64.386421454      0.919588689
   18    5    2    1    0.10     60.796254637      3.644387040     64.440641677      0.896867673
   18    6    0    1    0.10    109.209655194      4.665584437    113.875239631      0.919643385
   18    6    1    1    0.10    109.209655194      4.718995090    113.928650284      0.918446264
   18    6    2    1    0.10    109.209655194      4.655484200    113.865139395      0.919765534
   19    1    0    1    0.10      0.440947601      0.563441024      1.004388625      0.000000000
   19    1    1    1    0.10      0.440947601      0.571512766      1.012460367      0.924563924
   19    1    2    1    0.10      0.440947601      0.606989805      1.047937406      0.788752312
   19    2    0    1    0.10      3.582521068      1.185865427      4.768386495      0.914398997
   19    2    1    1    0.10      3.582521068      1.246428690      4.828949758      0.000000003
   19    2    2    1    0.10      3.582521068      1.178715435      4.761236503      0.930862677
   19    3    0    1    0.10     12.357082112      1.959514693     14.316596805      0.915845731
   19    3    1    1    0.10     12.357082112      1.901204147     14.258286259      0.921558550
   19    3    2    1    0.10     12.357082112      1.949457703     14.306539815      0.905431199
   19    4    0    1    0.10     30.154289250      2.698242338     32.852531588      0.922699157
   19    4    1    1    0.10     30.154289250      2.747544386     32.901833635      0.914602002
   19    4    2    1    0.10     30.154289250      2.689095922     32.843385171      0.923596551
   19    5    0    1    0.10     60.744820444      3.624325907     64.369146350      0.912238518
   19    5    1    1    0.10     60.744820444      3.574906426     64.319726869      0.918594027
   19    5    2    1    0.10     60.744820444      3.620047287     64.364867730      0.909955098
   19    6    0    1    0.10    108.834284977      4.613853967    113.448138944      0.922666174
   19    6    1    1    0.10    108.834284977      4.677303441    113.511588418      0.899974988
   19    6    2    1    0.10    108.834284977      4.603700285    113.437985262      0.922851106
   19    7    0    1    0.10    180.697849990      5.908678354    186.606528344      0.918975606
   19    7    1    1    0.10    180.697849990      5.850570567    186.548420557      0.923237985
   19    7    2    1    0.10    180.697849990      5.902690195    186.600540186      0.917639640
   20    1    0    1    0.10      0.440938291      0.563451053      1.004389344      0.000000000
   20    1    1    1    0.10      0.440938291      0.571503693      1.012441984      0.924614462
   20    1    2    1    0.10      0.440938291      0.606992131      1.047930422      0.788789538
   20    2    0    1    0.10      3.582451215      1.185847606      4.768298821      0.914504918
   20    2    1    1    0.10      3.582451215      1.246444998      4.828896213      0.000000004
   20    2    2    1    0.10      3.582451215      1.178683555      4.761134770      0.930947985
   20    5    0    1    0.10     60.728912705      3.618113539     64.347026244      0.908730905
   20    5    1    1    0.10     60.728912705      3.565231831     64.294144536      0.922059550
   20    5    2    1    0.10     60.728912705      3.613821682     64.342734387      0.906560653
   20    6    0    1    0.10    108.515015840      4.575033552    113.090049392      0.917182610
   20    6    1    1    0.10    108.515015840      4.623492591    113.138508431      0.914116046
   20    6    2    1    0.10    108.515015840      4.566194374    113.081210214      0.917529669
   20    7    0    1    0.10    179.693792282      5.841451674    185.535243956      0.905943467
   20    7    1    1    0.10    179.693792282      5.766054606    185.459846888      0.927104404
   20    7    2    1    0.10    179.693792282      5.834949667    185.528741949      0.903896717
