1PR
shells filled ML   MS    hw           E0               dE                E          partialnorm(1p)
    5    1    0    1    1.00      3.017606231      1.979308673      4.996914904      0.009948700
    5    1    1    1    1.00      3.017606231      0.976968002      3.994574233      0.000000000
    5    1    2    1    1.00      3.017606231      1.981186112      4.998792343      0.000000000
    5    2    0    1    1.00     20.331389042     -4.777609328     15.553779714      0.839372565
    5    2    1    1    1.00     20.331389042     -5.278792036     15.052597006      0.977575251
    5    2    2    1    1.00     20.331389042     -4.709158711     15.622230331      0.000000000
    5    3    0    1    1.00     67.029162181     -9.126439950     57.902722231      0.975827275
    5    3    1    1    1.00     67.029162181     -8.595430780     58.433731401      0.914598209
    5    3    2    1    1.00     67.029162181     -9.099136845     57.930025336      0.976794130
    6    1    0    1    1.00      3.013626129      1.983284400      4.996910529      0.009953303
    6    1    1    1    1.00      3.013626129      2.984855841      5.998481971      0.000000000
    6    1    2    1    1.00      3.013626129      1.985173677      4.998799806      0.000000000
    6    2    0    1    1.00     20.273246626     -4.737427344     15.535819282      0.844019479
    6    2    1    1    1.00     20.273246626     -5.247483638     15.025762988      0.977203649
    6    2    2    1    1.00     20.273246626     -4.653585123     15.619661503      0.000000000
    6    3    0    1    1.00     66.524872522     -9.031319582     57.493552940      0.972321158
    6    3    1    1    1.00     66.524872522     -8.506082946     58.018789576      0.842331873
    6    3    2    1    1.00     66.524872522     -9.001150147     57.523722376      0.973019134
    6    4    0    1    1.00    160.592548536    -12.912972186    147.679576351      0.948548422
    6    4    1    1    1.00    160.592548536    -13.510653954    147.081894582      0.979466688
    6    4    2    1    1.00    160.592548536    -12.868301614    147.724246922      0.953024914
    7    1    0    1    1.00      3.011019984     -0.027796468      2.983223516      0.140787700
    7    1    1    1    1.00      3.011019984      2.987464516      5.998484500      0.000000000
    7    1    2    1    1.00      3.011019984      3.988406236      6.999426220      0.000000000
    7    2    0    1    1.00     20.249063905     -4.725734190     15.523329716      0.847887308
    7    2    1    1    1.00     20.249063905     -5.238662274     15.010401631      0.977927445
    7    2    2    1    1.00     20.249063905     -4.638831361     15.610232545      0.000000000
    7    3    0    1    1.00     66.048031534     -8.893154463     57.154877071      0.974246167
    7    3    1    1    1.00     66.048031534     -8.356637018     57.691394517      0.869616606
    7    3    2    1    1.00     66.048031534     -8.846560093     57.201471441      0.972016794
    7    4    0    1    1.00    158.838120356    -12.648071207    146.190049150      0.824261096
    7    4    1    1    1.00    158.838120356    -13.280717394    145.557402962      0.973494808
    7    4    2    1    1.00    158.838120356    -12.622741368    146.215378988      0.827975683
    8    1    0    1    1.00      3.009235722     -2.009588966      0.999646755      0.990567910
    8    1    1    1    1.00      3.009235722     -1.060099473      1.949136248      0.000000000
    8    1    2    1    1.00      3.009235722      3.990194247      6.999429968      0.000000000
    8    2    0    1    1.00     20.233839228     -4.718597046     15.515242182      0.849856583
    8    2    1    1    1.00     20.233839228     -5.233381353     15.000457875      0.978367818
    8    2    2    1    1.00     20.233839228     -4.629780042     15.604059185      0.000000000
    8    3    0    1    1.00     65.970931567     -8.874737062     57.096194505      0.974961088
    8    3    1    1    1.00     65.970931567     -8.331874875     57.639056692      0.872971173
    8    3    2    1    1.00     65.970931567     -8.826506190     57.144425377      0.973032479
    8    4    0    1    1.00    157.035289355    -12.404276890    144.631012465      0.908215031
    8    4    1    1    1.00    157.035289355    -12.919496414    144.115792941      0.972606893
    8    4    2    1    1.00    157.035289355    -12.363657834    144.671631521      0.905293294
    8    5    0    1    1.00    316.936396813    -18.125052252    298.811344561      0.975795618
    8    5    1    1    1.00    316.936396813    -17.390856233    299.545540580      0.000000007
    8    5    2    1    1.00    316.936396813    -18.052522604    298.883874210      0.976341794
    9    1    0    1    1.00      3.007929461      5.991575121      8.999504582      0.000084490
    9    1    1    1    1.00      3.007929461      4.991443692      7.999373153      0.000000000
    9    1    2    1    1.00      3.007929461      1.990611949      4.998541410      0.000000000
    9    2    0    1    1.00     20.223511737     -4.713781083     15.509730654      0.851149321
    9    2    1    1    1.00     20.223511737     -5.229822702     14.993689035      0.978655487
    9    2    2    1    1.00     20.223511737     -4.623805573     15.599706164      0.000000000
    9    3    0    1    1.00     65.919974220     -8.859989773     57.059984447      0.974976480
    9    3    1    1    1.00     65.919974220     -8.314693540     57.605280681      0.875636583
    9    3    2    1    1.00     65.919974220     -8.813331309     57.106642912      0.973342618
    9    4    0    1    1.00    156.673484231    -12.335057840    144.338426391      0.882737780
    9    4    1    1    1.00    156.673484231    -12.862017724    143.811466507      0.971932971
    9    4    2    1    1.00    156.673484231    -12.302321078    144.371163153      0.882158000
    9    5    0    1    1.00    312.268213395    -17.427183603    294.841029792      0.976017234
    9    5    1    1    1.00    312.268213395    -16.849221854    295.418991541      0.938207333
    9    5    2    1    1.00    312.268213395    -17.353012005    294.915201390      0.974583321
   10    1    0    1    1.00      3.006937179     -2.007284220      0.999652959      0.990735382
   10    1    1    1    1.00      3.006937179      6.992740327      9.999677505      0.000000000
   10    1    2    1    1.00      3.006937179      5.992755879      8.999693058      0.000000000
   10    2    0    1    1.00     20.216128076     -4.710366841     15.505761235      0.852015271
   10    2    1    1    1.00     20.216128076     -5.227342255     14.988785822      0.978854095
   10    2    2    1    1.00     20.216128076     -4.619593578     15.596534499      0.000000000
   10    3    0    1    1.00     65.887964956     -8.854300176     57.033664780      0.975375929
   10    3    1    1    1.00     65.887964956     -8.307217305     57.580747651      0.877725327
   10    3    2    1    1.00     65.887964956     -8.807159983     57.080804973      0.973802999
   10    4    0    1    1.00    156.365861262    -12.262497277    144.103363985      0.893177407
   10    4    1    1    1.00    156.365861262    -12.785188375    143.580672887      0.972922027
   10    4    2    1    1.00    156.365861262    -12.228805664    144.137055598      0.894368650
   10    5    0    1    1.00    311.001689979    -17.286895341    293.714794637      0.972163201
   10    5    1    1    1.00    311.001689979    -16.678410057    294.323279922      0.884651689
   10    5    2    1    1.00    311.001689979    -17.235861730    293.765828249      0.971377683
   10    6    0    1    1.00    553.129231845    -21.843006981    531.286224864      0.954326410
   10    6    1    1    1.00    553.129231845    -22.421649874    530.707581972      0.977544078
   10    6    2    1    1.00    553.129231845    -21.748172799    531.381059047      0.953934613
   11    1    0    1    1.00      3.006158276     -2.006503004      0.999655272      0.990790159
   11    1    1    1    1.00      3.006158276     -1.056545391      1.949612886      0.000000000
   11    1    2    1    1.00      3.006158276      3.993143996      6.999302272      0.000000000
   11    2    0    1    1.00     20.210574439     -4.707777373     15.502797066      0.852630515
   11    2    1    1    1.00     20.210574439     -5.225477230     14.985097208      0.979002513
   11    2    2    1    1.00     20.210574439     -4.616444991     15.594129448      0.000000000
   11    3    0    1    1.00     65.865343324     -8.850237631     57.015105693      0.975643390
   11    3    1    1    1.00     65.865343324     -8.302108895     57.563234430      0.878946803
   11    3    2    1    1.00     65.865343324     -8.803129798     57.062213526      0.974105041
   11    4    0    1    1.00    156.290558488    -12.248516044    144.042042443      0.895585807
   11    4    1    1    1.00    156.290558488    -12.774602405    143.515956082      0.973343125
   11    4    2    1    1.00    156.290558488    -12.214874973    144.075683514      0.896530092
   11    5    0    1    1.00    309.745589103    -17.060876063    292.684713039      0.972103285
   11    5    1    1    1.00    309.745589103    -16.533887427    293.211701675      0.914270929
   11    5    2    1    1.00    309.745589103    -17.034621179    292.710967924      0.971599778
   11    6    0    1    1.00    549.707772294    -21.431889262    528.275883032      0.872040221
   11    6    1    1    1.00    549.707772294    -22.143808878    527.563963416      0.973918184
   11    6    2    1    1.00    549.707772294    -21.419259928    528.288512366      0.000000001
   12    1    0    1    1.00      3.005531679     -2.005874236      0.999657442      0.990833624
   12    1    1    1    1.00      3.005531679     -1.055820352      1.949711326      0.000000000
   12    1    2    1    1.00      3.005531679      5.994114059      8.999645738      0.000000000
   12    2    0    1    1.00     20.206257417     -4.705761383     15.500496034      0.853098203
   12    2    1    1    1.00     20.206257417     -5.224040495     14.982216922      0.979115934
   12    2    2    1    1.00     20.206257417     -4.614009552     15.592247865      0.000000000
   12    3    0    1    1.00     65.848352806     -8.847348494     57.001004313      0.975838049
   12    3    1    1    1.00     65.848352806     -8.298389077     57.549963730      0.879823723
   12    3    2    1    1.00     65.848352806     -8.800098564     57.048254242      0.974324250
   12    4    0    1    1.00    156.236252019    -12.238715951    143.997536068      0.897205478
   12    4    1    1    1.00    156.236252019    -12.766352834    143.469899184      0.973520921
   12    4    2    1    1.00    156.236252019    -12.205035306    144.031216713      0.897998043
   12    5    0    1    1.00    309.454937676    -17.024119095    292.430818581      0.972145439
   12    5    1    1    1.00    309.454937676    -16.485252636    292.969685040      0.904684530
   12    5    2    1    1.00    309.454937676    -16.995819801    292.459117876      0.971546968
   12    6    0    1    1.00    546.280475084    -21.174875612    525.105599472      0.935649574
   12    6    1    1    1.00    546.280475084    -21.701749626    524.578725458      0.973703340
   12    6    2    1    1.00    546.280475084    -21.150392978    525.130082107      0.935390185
   12    7    0    1    1.00    895.751181833    -27.537824006    868.213357827      0.975750794
   12    7    1    1    1.00    895.751181833    -26.907923537    868.843258295      0.000000000
   12    7    2    1    1.00    895.751181833    -27.465638742    868.285543090      0.975738120
   13    1    0    1    1.00      3.005017172     -2.005358058      0.999659114      0.990868743
   13    1    1    1    1.00      3.005017172     -1.055223926      1.949793245      0.000000000
   13    1    2    1    1.00      3.005017172     -0.008346411      2.996670761      0.000000000
   13    2    0    1    1.00     20.202806262     -4.704143793     15.498662469      0.853458863
   13    2    1    1    1.00     20.202806262     -5.222896686     14.979909576      0.979206048
   13    2    2    1    1.00     20.202806262     -4.612071723     15.590734539      0.000000000
   13    3    0    1    1.00     65.835335920     -8.845157172     56.990178747      0.975984987
   13    3    1    1    1.00     65.835335920     -8.295577869     57.539758050      0.880458675
   13    3    2    1    1.00     65.835335920     -8.797850069     57.037485851      0.974487331
   13    4    0    1    1.00    156.196937684    -12.233528074    143.963409609      0.898432080
   13    4    1    1    1.00    156.196937684    -12.762119638    143.434818046      0.973787607
   13    4    2    1    1.00    156.196937684    -12.199663027    143.997274656      0.899191999
   13    5    0    1    1.00    309.216876409    -16.978140327    292.238736082      0.973023072
   13    5    1    1    1.00    309.216876409    -16.441714948    292.775161461      0.910106337
   13    5    2    1    1.00    309.216876409    -16.946413574    292.270462835      0.972156403
   13    6    0    1    1.00    545.251704889    -21.047240338    524.204464550      0.907951331
   13    6    1    1    1.00    545.251704889    -21.610440696    523.641264193      0.971627692
   13    6    2    1    1.00    545.251704889    -21.026222194    524.225482694      0.907348465
   13    7    0    1    1.00    888.290954434    -26.793754015    861.497200419      0.975901063
   13    7    1    1    1.00    888.290954434    -26.224882030    862.066072405      0.951338765
   13    7    2    1    1.00    888.290954434    -26.755733784    861.535220651      0.975852239
   14    1    0    1    1.00      3.004587538     -2.004926973      0.999660565      0.990897746
   14    1    1    1    1.00      3.004587538     -1.054726101      1.949861437      0.000000000
   14    1    2    1    1.00      3.004587538     -0.007910543      2.996676995      0.000000000
   14    2    0    1    1.00     20.199985841     -4.702818841     15.497167000      0.853748765
   14    2    1    1    1.00     20.199985841     -5.221966100     14.978019742      0.979279142
   14    2    2    1    1.00     20.199985841     -4.610493530     15.589492311      0.000000000
   14    3    0    1    1.00     65.825017922     -8.843446691     56.981571231      0.976098896
   14    3    1    1    1.00     65.825017922     -8.293359087     57.531658835      0.880932529
   14    3    2    1    1.00     65.825017922     -8.796082298     57.028935624      0.974613680
   14    4    0    1    1.00    156.167060518    -12.229659370    143.937401148      0.899219860
   14    4    1    1    1.00    156.167060518    -12.758962064    143.408098454      0.973975682
   14    4    2    1    1.00    156.167060518    -12.195729240    143.971331277      0.899961690
   14    5    0    1    1.00    309.137284979    -16.970659376    292.166625603      0.973266319
   14    5    1    1    1.00    309.137284979    -16.432393783    292.704891196      0.911572165
   14    5    2    1    1.00    309.137284979    -16.939007677    292.198277302      0.972466349
   14    6    0    1    1.00    544.263442282    -20.950517653    523.312924629      0.923210022
   14    6    1    1    1.00    544.263442282    -21.461421959    522.802020323      0.972154061
   14    6    2    1    1.00    544.263442282    -20.924272510    523.339169771      0.922014615
   14    7    0    1    1.00    885.484806233    -26.605715831    858.879090402      0.973175192
   14    7    1    1    1.00    885.484806233    -25.936075985    859.548730248      0.908242088
   14    7    2    1    1.00    885.484806233    -26.569215991    858.915590242      0.973005409
   15    1    0    1    1.00      3.004223630     -2.004561866      0.999661764      0.990922044
   15    1    1    1    1.00      3.004223630     -1.054304255      1.949919375      0.000000000
   15    1    2    1    1.00      3.004223630     -0.007541506      2.996682125      0.000000000
   15    2    0    1    1.00     20.197639357     -4.701714553     15.495924804      0.853984422
   15    2    1    1    1.00     20.197639357     -5.221195000     14.976444357      0.979339588
   15    2    2    1    1.00     20.197639357     -4.609185339     15.588454018      0.000000000
   15    3    0    1    1.00     65.816641866     -8.842068911     56.974572955      0.976190438
   15    3    1    1    1.00     65.816641866     -8.291562999     57.525078867      0.881309647
   15    3    2    1    1.00     65.816641866     -8.794665298     57.021976569      0.974715069
   15    4    0    1    1.00    156.143332653    -12.226703983    143.916628671      0.899827653
   15    4    1    1    1.00    156.143332653    -12.756503433    143.386829220      0.974123851
   15    4    2    1    1.00    156.143332653    -12.192697482    143.950635171      0.900551742
   15    5    0    1    1.00    309.076628482    -16.964598558    292.112029924      0.973409202
   15    5    1    1    1.00    309.076628482    -16.425693456    292.650935026      0.912581455
   15    5    2    1    1.00    309.076628482    -16.933351681    292.143276801      0.972660332
   15    6    0    1    1.00    544.005389264    -20.912984730    523.092404535      0.918924943
   15    6    1    1    1.00    544.005389264    -21.434193534    522.571195730      0.972263481
   15    6    2    1    1.00    544.005389264    -20.888704708    523.116684556      0.917904481
   15    7    0    1    1.00    882.676623797    -26.291932976    856.384690821      0.973368018
   15    7    1    1    1.00    882.676623797    -25.762542657    856.914081140      0.937516838
   15    7    2    1    1.00    882.676623797    -26.256732741    856.419891056      0.972672070
   16    1    0    1    1.00      3.003911626     -2.004248830      0.999662796      0.990942695
   16    1    1    1    1.00      3.003911626     -1.053942588      1.949969038      0.000000000
   16    1    2    1    1.00      3.003911626     -0.007224956      2.996686670      0.000000000
   16    2    0    1    1.00     20.195657662     -4.700780454     15.494877207      0.854180389
   16    2    1    1    1.00     20.195657662     -5.220545846     14.975111816      0.979390400
   16    2    2    1    1.00     20.195657662     -4.608083704     15.587573958      0.000000000
   16    3    0    1    1.00     65.809710079     -8.840936084     56.968773996      0.976265516
   16    3    1    1    1.00     65.809710079     -8.290080393     57.519629687      0.881611418
   16    3    2    1    1.00     65.809710079     -8.793503435     57.016206645      0.974797979
   16    4    0    1    1.00    156.124310767    -12.224369987    143.899940780      0.900284281
   16    4    1    1    1.00    156.124310767    -12.754570542    143.369740224      0.974239531
   16    4    2    1    1.00    156.124310767    -12.190308076    143.934002690      0.901000268
   16    5    0    1    1.00    309.029966164    -16.961319115    292.068647049      0.973590885
   16    5    1    1    1.00    309.029966164    -16.421711685    292.608254478      0.913342474
   16    5    2    1    1.00    309.029966164    -16.929919493    292.100046670      0.972857827
   16    6    0    1    1.00    543.795312240    -20.883046312    522.912265927      0.921925243
   16    6    1    1    1.00    543.795312240    -21.400485944    522.394826295      0.972854383
   16    6    2    1    1.00    543.795312240    -20.859100733    522.936211507      0.921338070
   16    7    0    1    1.00    881.772654881    -26.219453659    855.553201222      0.971974109
   16    7    1    1    1.00    881.772654881    -25.660659101    856.111995780      0.921418994
   16    7    2    1    1.00    881.772654881    -26.190236692    855.582418189      0.971537878
   17    1    0    1    1.00      3.003641296     -2.003977616      0.999663680      0.990960444
   17    1    1    1    1.00      3.003641296     -1.053629188      1.950012108      0.000000000
   17    1    2    1    1.00      3.003641296     -0.006950699      2.996690597      0.000000000
   17    2    0    1    1.00     20.193962696     -4.699980467     15.493982228      0.854345197
   17    2    1    1    1.00     20.193962696     -5.219992315     14.973970380      0.979433660
   17    2    2    1    1.00     20.193962696     -4.607144051     15.586818645      0.000000000
   17    3    0    1    1.00     65.803876811     -8.839988306     56.963888504      0.976328206
   17    3    1    1    1.00     65.803876811     -8.288834867     57.515041943      0.881860740
   17    3    2    1    1.00     65.803876811     -8.792533390     57.011343421      0.974867225
   17    4    0    1    1.00    156.108678596    -12.222473744    143.886204852      0.900639898
   17    4    1    1    1.00    156.108678596    -12.753003978    143.355674619      0.974332857
   17    4    2    1    1.00    156.108678596    -12.188362812    143.920315784      0.901349168
   17    5    0    1    1.00    308.992815266    -16.958718839    292.034096427      0.973726241
   17    5    1    1    1.00    308.992815266    -16.418599678    292.574215588      0.913874544
   17    5    2    1    1.00    308.992815266    -16.927297313    292.065517953      0.973003735
   17    6    0    1    1.00    543.709117453    -20.875910738    522.833206715      0.922886438
   17    6    1    1    1.00    543.709117453    -21.394602809    522.314514643      0.973044612
   17    6    2    1    1.00    543.709117453    -20.852038238    522.857079214      0.922261781
   17    7    0    1    1.00    880.921453727    -26.103292169    854.818161557      0.972541600
   17    7    1    1    1.00    880.921453727    -25.586867208    855.334586518      0.930338019
   17    7    2    1    1.00    880.921453727    -26.081667613    854.839786114      0.972160064
   18    1    0    1    1.00      3.003404916     -2.003740466      0.999664450      0.990975856
   18    1    1    1    1.00      3.003404916     -1.053355127      1.950049789      0.000000000
   18    1    2    1    1.00      3.003404916     -0.006710866      2.996694049      0.000000000
   18    2    0    1    1.00     20.192497086     -4.699287927     15.493209159      0.854485761
   18    2    1    1    1.00     20.192497086     -5.219514876     14.972982210      0.979470932
   18    2    2    1    1.00     20.192497086     -4.606333417     15.586163669      0.000000000
   18    3    0    1    1.00     65.798901984     -8.839183701     56.959718283      0.976381402
   18    3    1    1    1.00     65.798901984     -8.287774923     57.511127061      0.882069034
   18    3    2    1    1.00     65.798901984     -8.791711997     57.007189987      0.974925872
   18    4    0    1    1.00    156.095603861    -12.220896661    143.874707200      0.900930029
   18    4    1    1    1.00    156.095603861    -12.751708385    143.343895476      0.974409847
   18    4    2    1    1.00    156.095603861    -12.186747039    143.908856822      0.901634249
   18    5    0    1    1.00    308.962284364    -16.956624461    292.005659903      0.973837378
   18    5    1    1    1.00    308.962284364    -16.416120311    292.546164053      0.914299804
   18    5    2    1    1.00    308.962284364    -16.925139476    292.037144887      0.973122940
   18    6    0    1    1.00    543.641000845    -20.870744075    522.770256771      0.923583215
   18    6    1    1    1.00    543.641000845    -21.389810628    522.251190218      0.973181719
   18    6    2    1    1.00    543.641000845    -20.846812939    522.794187906      0.922933927
   18    7    0    1    1.00    880.674590427    -26.082039094    854.592551333      0.972663518
   18    7    1    1    1.00    880.674590427    -25.556698842    855.117891586      0.928131303
   18    7    2    1    1.00    880.674590427    -26.059442161    854.615148267      0.972273643
   19    1    0    1    1.00      3.003196544     -2.003531421      0.999665123      0.990989358
   19    1    1    1    1.00      3.003196544     -1.053113519      1.950083025      0.000000000
   19    1    2    1    1.00      3.003196544     -0.006499446      2.996697098      0.000000000
   19    2    0    1    1.00     20.191217724     -4.698682763     15.492534962      0.854606855
   19    2    1    1    1.00     20.191217724     -5.219099080     14.972118644      0.979503357
   19    2    2    1    1.00     20.191217724     -4.605627299     15.585590425      0.000000000
   19    3    0    1    1.00     65.794610406     -8.838492583     56.956117823      0.976427040
   19    3    1    1    1.00     65.794610406     -8.286862056     57.507748350      0.882245684
   19    3    2    1    1.00     65.794610406     -8.791007723     57.003602683      0.974976152
   19    4    0    1    1.00    156.084506350    -12.219565228    143.864941122      0.901168332
   19    4    1    1    1.00    156.084506350    -12.750617749    143.333888601      0.974474564
   19    4    2    1    1.00    156.084506350    -12.185384036    143.899122314      0.901868935
   19    5    0    1    1.00    308.937019387    -16.954917839    291.982101548      0.973926966
   19    5    1    1    1.00    308.937019387    -16.414103054    292.522916333      0.914632190
   19    5    2    1    1.00    308.937019387    -16.923396119    292.013623268      0.973218757
   19    6    0    1    1.00    543.586826903    -20.867546059    522.719280843      0.924092945
   19    6    1    1    1.00    543.586826903    -21.387063622    522.199763280      0.973320446
   19    6    2    1    1.00    543.586826903    -20.843533918    522.743292985      0.923450593
   19    7    0    1    1.00    880.472197452    -26.055783876    854.416413576      0.973156392
   19    7    1    1    1.00    880.472197452    -25.533800147    854.938397305      0.930174671
   19    7    2    1    1.00    880.472197452    -26.032150159    854.440047293      0.972707445
   20    1    0    1    1.00      3.003011542     -2.003345824      0.999665718      0.991001279
   20    1    1    1    1.00      3.003011542     -1.052898989      1.950112553      0.000000000
   20    1    2    1    1.00      3.003011542     -0.006311735      2.996699807      0.000000000
   20    2    0    1    1.00     20.190091601     -4.698149594     15.491942007      0.854712202
   20    2    1    1    1.00     20.190091601     -5.218733816     14.971357785      0.979531818
   20    2    2    1    1.00     20.190091601     -4.605006905     15.585084696      0.000000000
   20    3    0    1    1.00     65.790871250     -8.837892602     56.952978648      0.976466639
   20    3    1    1    1.00     65.790871250     -8.286067931     57.504803319      0.882397202
   20    3    2    1    1.00     65.790871250     -8.790397418     57.000473832      0.975019743
   20    4    0    1    1.00    156.074965931    -12.218425258    143.856540673      0.901368876
   20    4    1    1    1.00    156.074965931    -12.749687096    143.325278834      0.974529683
   20    4    2    1    1.00    156.074965931    -12.184218506    143.890747425      0.902066433
   20    5    0    1    1.00    308.915722059    -16.953503752    291.962218307      0.974001082
   20    5    1    1    1.00    308.915722059    -16.412425448    292.503296611      0.914897765
   20    5    2    1    1.00    308.915722059    -16.921949343    291.993772716      0.973297628
   20    6    0    1    1.00    543.542326627    -20.864952211    522.677374416      0.924472772
   20    6    1    1    1.00    543.542326627    -21.384848118    522.157478508      0.973427684
   20    6    2    1    1.00    543.542326627    -20.840900565    522.701426062      0.923832977
   20    7    0    1    1.00    880.378072496    -26.050684133    854.327388363      0.973295840
   20    7    1    1    1.00    880.378072496    -25.527843511    854.850228985      0.930827622
   20    7    2    1    1.00    880.378072496    -26.027155675    854.350916822      0.972870031
    5    1    0    1    0.28      1.026588067      0.371946795      1.398534862      0.005411487
    5    1    1    1    0.28      1.026588067      0.090895745      1.117483812      0.000000000
    5    1    2    1    0.28      1.026588067      0.372775028      1.399363095      0.000000000
    5    2    0    1    0.28      7.734910615     -2.029268890      5.705641725      0.863351693
    5    2    1    1    0.28      7.734910615     -2.139161837      5.595748778      0.953332697
    5    2    2    1    0.28      7.734910615     -2.004394110      5.730516505      0.000000000
    5    3    0    1    0.28     27.211136030     -3.924934455     23.286201575      0.951769350
    5    3    1    1    0.28     27.211136030     -3.841014682     23.370121347      0.914138035
    5    3    2    1    0.28     27.211136030     -3.923966690     23.287169339      0.956294957
    6    1    0    1    0.28      1.025448803      0.373064120      1.398512923      0.005391562
    6    1    1    1    0.28      1.025448803      0.653873003      1.679321806      0.000000000
    6    1    2    1    0.28      1.025448803      0.373912236      1.399361039      0.000000000
    6    2    0    1    0.28      7.657401033     -1.980437494      5.676963539      0.869859804
    6    2    1    1    0.28      7.657401033     -2.087951715      5.569449319      0.954150180
    6    2    2    1    0.28      7.657401033     -1.929259628      5.728141406      0.000000000
    6    3    0    1    0.28     26.601137909     -3.818273040     22.782864868      0.939880859
    6    3    1    1    0.28     26.601137909     -3.703119734     22.898018175      0.839501246
    6    3    2    1    0.28     26.601137909     -3.827703483     22.773434426      0.942135342
    6    4    0    1    0.28     67.356005444     -5.950511435     61.405494009      0.903392084
    6    4    1    1    0.28     67.356005444     -6.103806277     61.252199168      0.951744513
    6    4    2    1    0.28     67.356005444     -5.840974042     61.515031403      0.937784699
    7    1    0    1    0.28      1.024705858      0.934807887      1.959513745      0.003031397
    7    1    1    1    0.28      1.024705858      0.654611245      1.679317103      0.000000000
    7    1    2    1    0.28      1.024705858      0.935011196      1.959717055      0.000000000
    7    2    0    1    0.28      7.649384187     -1.976022766      5.673361421      0.872303473
    7    2    1    1    0.28      7.649384187     -2.084157500      5.565226687      0.955276399
    7    2    2    1    0.28      7.649384187     -1.925035891      5.724348297      0.000000000
    7    3    0    1    0.28     26.028089695     -3.684700981     22.343388714      0.945463353
    7    3    1    1    0.28     26.028089695     -3.565623004     22.462466691      0.875629473
    7    3    2    1    0.28     26.028089695     -3.673674926     22.354414769      0.934775353
    7    4    0    1    0.28     65.490857309     -5.607658244     59.883199066      0.862054855
    7    4    1    1    0.28     65.490857309     -5.815129887     59.675727422      0.954238289
    7    4    2    1    0.28     65.490857309     -5.567588730     59.923268579      0.806525755
    8    1    0    1    0.28      1.024199570     -0.744963662      0.279235908      0.974561910
    8    1    1    1    0.28      1.024199570     -0.507456310      0.516743260      0.000000000
    8    1    2    1    0.28      1.024199570      0.935518744      1.959718314      0.000000000
    8    2    0    1    0.28      7.644570502     -1.973288624      5.671281878      0.873292936
    8    2    1    1    0.28      7.644570502     -2.081999600      5.562570902      0.955689768
    8    2    2    1    0.28      7.644570502     -1.921604724      5.722965777      0.000000000
    8    3    0    1    0.28     25.876483116     -3.636122037     22.240361079      0.950005091
    8    3    1    1    0.28     25.876483116     -3.508772306     22.367710810      0.879475384
    8    3    2    1    0.28     25.876483116     -3.623121944     22.253361171      0.943186652
    8    4    0    1    0.28     63.772213069     -5.408448961     58.363764108      0.914087539
    8    4    1    1    0.28     63.772213069     -5.509936325     58.262276745      0.949826306
    8    4    2    1    0.28     63.772213069     -5.398309578     58.373903492      0.909494032
    9    1    0    1    0.28      1.023830197      1.495951214      2.519781410      0.001121946
    9    1    1    1    0.28      1.023830197     -0.506928197      0.516901999      0.000000000
    9    1    2    1    0.28      1.023830197      0.375423682      1.399253879      0.000000000
    9    2    0    1    0.28      7.641346518     -1.971827964      5.669518555      0.874188235
    9    2    1    1    0.28      7.641346518     -2.080813215      5.560533303      0.956222703
    9    2    2    1    0.28      7.641346518     -1.919909318      5.721437201      0.000000000
    9    3    0    1    0.28     25.778013415     -3.590105987     22.187907428      0.952724140
    9    3    1    1    0.28     25.778013415     -3.471000887     22.307012528      0.888053135
    9    3    2    1    0.28     25.778013415     -3.579937642     22.198075773      0.946498597
    9    4    0    1    0.28     63.120467682     -5.285304509     57.835163173      0.882829990
    9    4    1    1    0.28     63.120467682     -5.425365108     57.695102574      0.943979914
    9    4    2    1    0.28     63.120467682     -5.285801695     57.834665987      0.867534998
    9    5    0    1    0.28    129.864022786     -7.705120451    122.158902335      0.954734201
    9    5    1    1    0.28    129.864022786     -7.528381020    122.335641766      0.924611404
    9    5    2    1    0.28    129.864022786     -7.647741606    122.216281180      0.949499098
   10    1    0    1    0.28      1.023550507     -0.744298593      0.279251913      0.974956157
   10    1    1    1    0.28      1.023550507     -0.506532030      0.517018476      0.000000000
   10    1    2    1    0.28      1.023550507     -0.185512148      0.838038358      0.000000000
   10    2    0    1    0.28      7.639037425     -1.970776027      5.668261398      0.874841125
   10    2    1    1    0.28      7.639037425     -2.079962267      5.559075159      0.956592288
   10    2    2    1    0.28      7.639037425     -1.918672644      5.720364781      0.000000000
   10    3    0    1    0.28     25.763444853     -3.585101993     22.178342860      0.953118092
   10    3    1    1    0.28     25.763444853     -3.465127124     22.298317729      0.889519804
   10    3    2    1    0.28     25.763444853     -3.574828004     22.188616849      0.947283857
   10    4    0    1    0.28     62.523369278     -5.195217745     57.328151533      0.900123737
   10    4    1    1    0.28     62.523369278     -5.313638035     57.209731243      0.945632953
   10    4    2    1    0.28     62.523369278     -5.186310741     57.337058537      0.891972442
   10    5    0    1    0.28    128.046099138     -7.497950714    120.548148424      0.952980202
   10    5    1    1    0.28    128.046099138     -7.286540195    120.759558943      0.895009622
   10    5    2    1    0.28    128.046099138     -7.468576601    120.577522537      0.950116752
   10    6    0    1    0.28    234.748295816    -10.053174608    224.695121208      0.931795981
   10    6    1    1    0.28    234.748295816    -10.185559504    224.562736312      0.957036056
   10    6    2    1    0.28    234.748295816    -10.001389050    224.746906767      0.917203240
   11    1    0    1    0.28      1.023331587     -0.744074187      0.279257400      0.975083777
   11    1    1    1    0.28      1.023331587     -0.506221186      0.517110402      0.000000000
   11    1    2    1    0.28      1.023331587      2.056581913      3.079913500      0.000000000
   11    2    0    1    0.28      7.637323547     -1.970001855      5.667321692      0.875293049
   11    2    1    1    0.28      7.637323547     -2.079346583      5.557976964      0.956862260
   11    2    2    1    0.28      7.637323547     -1.917773058      5.719550489      0.000000000
   11    3    0    1    0.28     25.753494506     -3.581400718     22.172093788      0.953399554
   11    3    1    1    0.28     25.753494506     -3.461076071     22.292418435      0.890053397
   11    3    2    1    0.28     25.753494506     -3.571014532     22.182479974      0.947621336
   11    4    0    1    0.28     62.334012342     -5.142432284     57.191580058      0.900208122
   11    4    1    1    0.28     62.334012342     -5.271963493     57.062048849      0.948008464
   11    4    2    1    0.28     62.334012342     -5.137154831     57.196857512      0.890470447
   11    5    0    1    0.28    126.327142185     -7.258175834    119.068966351      0.951494966
   11    5    1    1    0.28    126.327142185     -7.145029318    119.182112866      0.919333401
   11    5    2    1    0.28    126.327142185     -7.248708987    119.078433198      0.948809567
   12    1    0    1    0.28      1.023155941     -0.743894056      0.279261885      0.975184395
   12    1    1    1    0.28      1.023155941     -0.505972366      0.517183574      0.000000000
   12    1    2    1    0.28      1.023155941     -0.185105580      0.838050361      0.000000000
   12    2    0    1    0.28      7.636000708     -1.969404103      5.666596605      0.875639592
   12    2    1    1    0.28      7.636000708     -2.078874680      5.557126027      0.957069386
   12    2    2    1    0.28      7.636000708     -1.917083300      5.718917408      0.000000000
   12    3    0    1    0.28     25.747564260     -3.580282416     22.167281844      0.953759936
   12    3    1    1    0.28     25.747564260     -3.459738015     22.287826245      0.890750909
   12    3    2    1    0.28     25.747564260     -3.569799335     22.177764924      0.948069978
   12    4    0    1    0.28     62.194759939     -5.108235061     57.086524878      0.905625527
   12    4    1    1    0.28     62.194759939     -5.227092310     56.967667629      0.950647200
   12    4    2    1    0.28     62.194759939     -5.101889984     57.092869955      0.898661242
   12    5    0    1    0.28    125.573974457     -7.179613207    118.394361250      0.947487065
   12    5    1    1    0.28    125.573974457     -7.033592824    118.540381632      0.899741287
   12    5    2    1    0.28    125.573974457     -7.174633066    118.399341391      0.944542933
   12    6    0    1    0.28    226.838304006     -9.358673102    217.479630904      0.930464119
   12    6    1    1    0.28    226.838304006     -9.503043994    217.335260012      0.954176799
   12    6    2    1    0.28    226.838304006     -9.331513015    217.506790990      0.930039879
   13    1    0    1    0.28      1.023012066     -0.743746592      0.279265473      0.975265380
   13    1    1    1    0.28      1.023012066     -0.505768709      0.517243357      0.000000000
   13    1    2    1    0.28      1.023012066     -0.184956957      0.838055109      0.000000000
   13    2    0    1    0.28      7.634951850     -1.968928525      5.666023325      0.875904507
   13    2    1    1    0.28      7.634951850     -2.078503770      5.556448079      0.957231047
   13    2    2    1    0.28      7.634951850     -1.916539591      5.718412259      0.000000000
   13    3    0    1    0.28     25.743082411     -3.579463552     22.163618859      0.954033762
   13    3    1    1    0.28     25.743082411     -3.458755105     22.284327306      0.891266788
   13    3    2    1    0.28     25.743082411     -3.568919250     22.174163161      0.948406436
   13    4    0    1    0.28     62.167502651     -5.099040736     57.068461915      0.906730109
   13    4    1    1    0.28     62.167502651     -5.219470366     56.948032286      0.951011905
   13    4    2    1    0.28     62.167502651     -5.093109707     57.074392944      0.899731027
   13    5    0    1    0.28    124.879696088     -7.079135889    117.800560199      0.948651315
   13    5    1    1    0.28    124.879696088     -6.957366737    117.922329351      0.910629611
   13    5    2    1    0.28    124.879696088     -7.070930961    117.808765127      0.944998207
   13    6    0    1    0.28    224.868329491     -9.145651451    215.722678040      0.913771253
   13    6    1    1    0.28    224.868329491     -9.336914870    215.531414621      0.952565663
   13    6    2    1    0.28    224.868329491     -9.127838266    215.740491225      0.908165648
   13    7    0    1    0.28    375.015535565    -12.026768504    362.988767061      0.957674612
   13    7    1    1    0.28    375.015535565    -11.884391288    363.131144277      0.934480322
   13    7    2    1    0.28    375.015535565    -12.013426081    363.002109484      0.955212925
   14    1    0    1    0.28      1.022892197     -0.743623764      0.279268433      0.975331933
   14    1    1    1    0.28      1.022892197     -0.505599085      0.517293112      0.000000000
   14    1    2    1    0.28      1.022892197     -0.184833135      0.838059062      0.000000000
   14    2    0    1    0.28      7.634100241     -1.968541433      5.665558807      0.876115477
   14    2    1    1    0.28      7.634100241     -2.078204091      5.555896150      0.957361245
   14    2    2    1    0.28      7.634100241     -1.916099665      5.718000576      0.000000000
   14    3    0    1    0.28     25.739579326     -3.578825593     22.160753732      0.954243037
   14    3    1    1    0.28     25.739579326     -3.457985505     22.281593821      0.891654901
   14    3    2    1    0.28     25.739579326     -3.568236892     22.171342433      0.948664514
   14    4    0    1    0.28     62.147615337     -5.092842222     57.054773114      0.907213101
   14    4    1    1    0.28     62.147615337     -5.212669488     56.934945849      0.951404318
   14    4    2    1    0.28     62.147615337     -5.086843787     57.060771550      0.900375604
   14    5    0    1    0.28    124.621375760     -7.038055710    117.583320050      0.949273696
   14    5    1    1    0.28    124.621375760     -6.904000132    117.717375628      0.908435249
   14    5    2    1    0.28    124.621375760     -7.030668929    117.590706831      0.946281266
   14    6    0    1    0.28    222.990161640     -9.018716742    213.971444898      0.926261607
   14    6    1    1    0.28    222.990161640     -9.132923375    213.857238266      0.952358634
   14    6    2    1    0.28    222.990161640     -9.009840503    213.980321138      0.923861460
   15    1    0    1    0.28      1.022790880     -0.743519977      0.279270904      0.975387517
   15    1    1    1    0.28      1.022790880     -0.505455815      0.517335065      0.000000000
   15    1    2    1    0.28      1.022790880     -0.184728435      0.838062446      0.000000000
   15    2    0    1    0.28      7.633395806     -1.968220386      5.665175420      0.876287008
   15    2    1    1    0.28      7.633395806     -2.077957533      5.555438273      0.957468121
   15    2    2    1    0.28      7.633395806     -1.915737280      5.717658526      0.000000000
   15    3    0    1    0.28     25.736776877     -3.578320285     22.158456592      0.954409548
   15    3    1    1    0.28     25.736776877     -3.457374826     22.279402051      0.891955101
   15    3    2    1    0.28     25.736776877     -3.567700707     22.169076171      0.948866552
   15    4    0    1    0.28     62.138335508     -5.091437167     57.046898341      0.907728783
   15    4    1    1    0.28     62.138335508     -5.211398889     56.926936619      0.951675469
   15    4    2    1    0.28     62.138335508     -5.085347365     57.052988143      0.900937668
   15    5    0    1    0.28    124.414906960     -6.990162990    117.424743970      0.951426445
   15    5    1    1    0.28    124.414906960     -6.868725964    117.546180996      0.913518105
   15    5    2    1    0.28    124.414906960     -6.982971655    117.431935305      0.948737731
   15    6    0    1    0.28    222.074212072     -8.908601278    213.165610794      0.913795402
   15    6    1    1    0.28    222.074212072     -9.056819784    213.017392288      0.949061460
   15    6    2    1    0.28    222.074212072     -8.902841244    213.171370828      0.908430121
   15    7    0    1    0.28    366.821562816    -11.469963176    355.351599640      0.955604880
   15    7    1    1    0.28    366.821562816    -11.318248438    355.503314378      0.934075551
   15    7    2    1    0.28    366.821562816    -11.445822865    355.375739951      0.953889203
   16    1    0    1    0.28      1.022704187     -0.743431196      0.279272991      0.975434584
   16    1    1    1    0.28      1.022704187     -0.505333218      0.517370969      0.000000000
   16    1    2    1    0.28      1.022704187     -0.184638891      0.838065296      0.000000000
   16    2    0    1    0.28      7.632803491     -1.967949804      5.664853687      0.876428853
   16    2    1    1    0.28      7.632803491     -2.077750934      5.555052557      0.957557439
   16    2    2    1    0.28      7.632803491     -1.915433380      5.717370111      0.000000000
   16    3    0    1    0.28     25.734484181     -3.577911023     22.156573159      0.954544828
   16    3    1    1    0.28     25.734484181     -3.456878160     22.277606022      0.892195064
   16    3    2    1    0.28     25.734484181     -3.567268427     22.167215754      0.949030236
   16    4    0    1    0.28     62.131158094     -5.090422837     57.040735257      0.908085519
   16    4    1    1    0.28     62.131158094     -5.210499430     56.920658664      0.951898231
   16    4    2    1    0.28     62.131158094     -5.084259855     57.046898239      0.901333040
   16    5    0    1    0.28    124.362960001     -6.978537941    117.384422060      0.951637115
   16    5    1    1    0.28    124.362960001     -6.854546426    117.508413575      0.914349318
   16    5    2    1    0.28    124.362960001     -6.971679925    117.391280076      0.949246323
   16    6    0    1    0.28    221.218796945     -8.839311462    212.379485482      0.920230730
   16    6    1    1    0.28    221.218796945     -8.956331062    212.262465883      0.949530932
   16    6    2    1    0.28    221.218796945     -8.832295126    212.386501819      0.916675397
   16    7    0    1    0.28    364.575067264    -11.316053639    353.259013625      0.953915914
   16    7    1    1    0.28    364.575067264    -11.122458528    353.452608736      0.921480865
   16    7    2    1    0.28    364.575067264    -11.299739752    353.275327512      0.952733580
   17    1    0    1    0.28      1.022629213     -0.743354433      0.279274780      0.975474930
   17    1    1    1    0.28      1.022629213     -0.505227230      0.517401983      0.000000000
   17    1    2    1    0.28      1.022629213     -0.184561434      0.838067779      0.000000000
   17    2    0    1    0.28      7.632298966     -1.967718931      5.664580034      0.876548138
   17    2    1    1    0.28      7.632298966     -2.077575623      5.554723343      0.957633129
   17    2    2    1    0.28      7.632298966     -1.915175250      5.717123715      0.000000000
   17    3    0    1    0.28     25.732573086     -3.577571864     22.155001222      0.954657194
   17    3    1    1    0.28     25.732573086     -3.456466039     22.276107046      0.892390884
   17    3    2    1    0.28     25.732573086     -3.566912036     22.165661049      0.949165039
   17    4    0    1    0.28     62.125401613     -5.089690905     57.035710708      0.908392864
   17    4    1    1    0.28     62.125401613     -5.209853194     56.915548419      0.952082474
   17    4    2    1    0.28     62.125401613     -5.083482744     57.041918869      0.901671555
   17    5    0    1    0.28    124.323185418     -6.966879439    117.356305978      0.952264667
   17    5    1    1    0.28    124.323185418     -6.845092510    117.478092908      0.915078205
   17    5    2    1    0.28    124.323185418     -6.960250989    117.362934428      0.949965644
   17    6    0    1    0.28    220.853715794     -8.780751330    212.072964464      0.917345202
   17    6    1    1    0.28    220.853715794     -8.914001400    211.939714394      0.949379452
   17    6    2    1    0.28    220.853715794     -8.775628971    212.078086823      0.912832346
   17    7    0    1    0.28    362.422702681    -11.124894040    351.297808641      0.954156420
   17    7    1    1    0.28    362.422702681    -11.002783295    351.419919386      0.930902763
   17    7    2    1    0.28    362.422702681    -11.113644233    351.309058448      0.952756463
   18    1    0    1    0.28      1.022563769     -0.743287444      0.279276325      0.975509868
   18    1    1    1    0.28      1.022563769     -0.505134711      0.517429059      0.000000000
   18    1    2    1    0.28      1.022563769     -0.184493843      0.838069926      0.000000000
   18    2    0    1    0.28      7.631864159     -1.967519641      5.664344518      0.876649651
   18    2    1    1    0.28      7.631864159     -2.077424969      5.554439190      0.957698092
   18    2    2    1    0.28      7.631864159     -1.914953340      5.716910820      0.000000000
   18    3    0    1    0.28     25.730957063     -3.577286876     22.153670187      0.954751827
   18    3    1    1    0.28     25.730957063     -3.456119124     22.274837939      0.892553400
   18    3    2    1    0.28     25.730957063     -3.566613862     22.164343200      0.949277936
   18    4    0    1    0.28     62.120671325     -5.089096122     57.031575203      0.908637993
   18    4    1    1    0.28     62.120671325     -5.209327625     56.911343700      0.952232326
   18    4    2    1    0.28     62.120671325     -5.082852144     57.037819181      0.901942127
   18    5    0    1    0.28    124.308864904     -6.964898129    117.343966775      0.952430980
   18    5    1    1    0.28    124.308864904     -6.842870878    117.465994025      0.915508322
   18    5    2    1    0.28    124.308864904     -6.958254781    117.350610122      0.950182766
   18    6    0    1    0.28    220.544104633     -8.743354777    211.800749856      0.921208536
   18    6    1    1    0.28    220.544104633     -8.861140221    211.682964413      0.951096440
   18    6    2    1    0.28    220.544104633     -8.737563086    211.806541547      0.917960551
   18    7    0    1    0.28    361.277042700    -11.045150374    350.231892326      0.951359820
   18    7    1    1    0.28    361.277042700    -10.891389998    350.385652702      0.921148163
   18    7    2    1    0.28    361.277042700    -11.037767735    350.239274965      0.949962829
   19    1    0    1    0.28      1.022506176     -0.743228501      0.279277675      0.975540403
   19    1    1    1    0.28      1.022506176     -0.505053299      0.517452877      0.000000000
   19    1    2    1    0.28      1.022506176     -0.184434355      0.838071821      0.000000000
   19    2    0    1    0.28      7.631485805     -1.967345996      5.664139809      0.876737005
   19    2    1    1    0.28      7.631485805     -2.077294237      5.554191568      0.957754403
   19    2    2    1    0.28      7.631485805     -1.914760650      5.716725155      0.000000000
   19    3    0    1    0.28     25.729572862     -3.577043995     22.152528867      0.954832626
   19    3    1    1    0.28     25.729572862     -3.455823124     22.273749738      0.892690467
   19    3    2    1    0.28     25.729572862     -3.566360710     22.163212152      0.949373869
   19    4    0    1    0.28     62.116719916     -5.088605173     57.028114743      0.908836449
   19    4    1    1    0.28     62.116719916     -5.208894258     56.907825658      0.952356298
   19    4    2    1    0.28     62.116719916     -5.082332547     57.034387369      0.902161452
   19    5    0    1    0.28    124.297664340     -6.963395863    117.334268477      0.952622283
   19    5    1    1    0.28    124.297664340     -6.841317070    117.456347270      0.915761611
   19    5    2    1    0.28    124.297664340     -6.956721163    117.340943177      0.950388921
   19    6    0    1    0.28    220.446479314     -8.721945048    211.724534266      0.921692635
   19    6    1    1    0.28    220.446479314     -8.844614557    211.601864757      0.951307693
   19    6    2    1    0.28    220.446479314     -8.716987132    211.729492182      0.918395212
   19    7    0    1    0.28    360.193911251    -10.941579664    349.252331587      0.951628492
   19    7    1    1    0.28    360.193911251    -10.822991290    349.370919961      0.925748171
   19    7    2    1    0.28    360.193911251    -10.934581708    349.259329542      0.949985386
   20    1    0    1    0.28      1.022455123     -0.743176260      0.279278863      0.975567303
   20    1    1    1    0.28      1.022455123     -0.504981130      0.517473993      0.000000000
   20    1    2    1    0.28      1.022455123     -0.184381628      0.838073495      0.000000000
   20    2    0    1    0.28      7.631153695     -1.967193394      5.663960302      0.876812908
   20    2    1    1    0.28      7.631153695     -2.077179756      5.553973939      0.957803679
   20    2    2    1    0.28      7.631153695     -1.914591860      5.716561835      0.000000000
   20    3    0    1    0.28     25.728374363     -3.576834581     22.151539783      0.954902396
   20    3    1    1    0.28     25.728374363     -3.455567600     22.272806763      0.892807393
   20    3    2    1    0.28     25.728374363     -3.566143184     22.162231179      0.949456306
   20    4    0    1    0.28     62.113368205     -5.088193182     57.025175023      0.909000597
   20    4    1    1    0.28     62.113368205     -5.208530971     56.904837234      0.952460645
   20    4    2    1    0.28     62.113368205     -5.081897144     57.031471060      0.902343078
   20    5    0    1    0.28    124.289158177     -6.962733155    117.326425021      0.952772912
   20    5    1    1    0.28    124.289158177     -6.840563552    117.448594625      0.916028470
   20    5    2    1    0.28    124.289158177     -6.956027449    117.333130728      0.950562170
   20    6    0    1    0.28    220.368266329     -8.708216749    211.660049580      0.922695516
   20    6    1    1    0.28    220.368266329     -8.826275184    211.541991145      0.952216930
   20    6    2    1    0.28    220.368266329     -8.703262593    211.665003736      0.919660668
   20    7    0    1    0.28    359.674394571    -10.895658113    348.778736458      0.950790914
   20    7    1    1    0.28    359.674394571    -10.758699393    348.915695178      0.922027180
   20    7    2    1    0.28    359.674394571    -10.889790914    348.784603657      0.949263288
    5    1    0    1    0.10      0.441613273      0.057977778      0.499591051      0.045704794
    5    1    1    1    0.10      0.441613273     -0.042246798      0.399366475      0.000000000
    5    1    2    1    0.10      0.441613273      0.058164791      0.499778064      0.000000000
    5    2    0    1    0.10      3.666399030     -1.015973233      2.650425797      0.903313861
    5    2    1    1    0.10      3.666399030     -1.060736676      2.605662354      0.940961329
    5    2    2    1    0.10      3.666399030     -1.019179111      2.647219919      0.000000000
    5    3    0    1    0.10     13.828538326     -2.084378359     11.744159967      0.929695608
    5    3    1    1    0.10     13.828538326     -2.080331103     11.748207223      0.903073607
    5    3    2    1    0.10     13.828538326     -2.086730907     11.741807418      0.940443322
    6    1    0    1    0.10      0.441446034      0.058125958      0.499571991      0.045681101
    6    1    1    1    0.10      0.441446034      0.158340617      0.599786651      0.000000000
    6    1    2    1    0.10      0.441446034      0.058327069      0.499773102      0.000000000
    6    2    0    1    0.10      3.596913041     -0.982418685      2.614494356      0.890023217
    6    2    1    1    0.10      3.596913041     -1.017212723      2.579700318      0.939826024
    6    2    2    1    0.10      3.596913041     -0.959301279      2.637611762      0.000000000
    6    3    0    1    0.10     13.271967561     -1.985618960     11.286348601      0.912456856
    6    3    1    1    0.10     13.271967561     -1.958750575     11.313216986      0.828647379
    6    3    2    1    0.10     13.271967561     -2.009646436     11.262321125      0.915515106
    6    4    0    1    0.10     35.153219310     -3.337400672     31.815818638      0.875872052
    6    4    1    1    0.10     35.153219310     -3.386684059     31.766535251      0.922948842
    6    4    2    1    0.10     35.153219310     -3.235739584     31.917479726      0.000000001
    7    1    0    1    0.10      0.441329054     -0.342461335      0.098867719      0.947505455
    7    1    1    1    0.10      0.441329054      0.158451871      0.599780925      0.000000000
    7    1    2    1    0.10      0.441329054      0.258570523      0.699899577      0.000000000
    7    2    0    1    0.10      3.589537718     -0.975307317      2.614230401      0.890405784
    7    2    1    1    0.10      3.589537718     -1.010810988      2.578726730      0.940634561
    7    2    2    1    0.10      3.589537718     -0.954368756      2.635168962      0.000000000
    7    3    0    1    0.10     12.771860886     -1.889726450     10.882134436      0.918135913
    7    3    1    1    0.10     12.771860886     -1.853378841     10.918482044      0.870394824
    7    3    2    1    0.10     12.771860886     -1.898152391     10.873708495      0.890317163
    8    1    0    1    0.10      0.441245371      0.258594328      0.699839700      0.005869159
    8    1    1    1    0.10      0.441245371      0.358660417      0.799905788      0.000000000
    8    1    2    1    0.10      0.441245371      0.258653912      0.699899283      0.000000000
    8    2    0    1    0.10      3.585321900     -0.970570203      2.614751697      0.887124484
    8    2    1    1    0.10      3.585321900     -1.006396936      2.578924964      0.937890915
    8    2    2    1    0.10      3.585321900     -0.947383459      2.637938442      0.000000000
    8    3    0    1    0.10     12.553067268     -1.830900559     10.722166710      0.928708573
    8    3    1    1    0.10     12.553067268     -1.782598856     10.770468413      0.878159555
    8    3    2    1    0.10     12.553067268     -1.830735878     10.722331390      0.916446940
    8    4    0    1    0.10     32.230965453     -2.879832550     29.351132902      0.905912994
    8    4    1    1    0.10     32.230965453     -2.908988099     29.321977354      0.930437959
    8    4    2    1    0.10     32.230965453     -2.881077789     29.349887664      0.901684933
    9    1    0    1    0.10      0.441182628     -0.342293274      0.098889354      0.948104294
    9    1    1    1    0.10      0.441182628     -0.275580632      0.165601996      0.000000000
    9    1    2    1    0.10      0.441182628     -0.141746198      0.299436430      0.000000000
    9    2    0    1    0.10      3.584605588     -0.970239912      2.614365676      0.887573781
    9    2    1    1    0.10      3.584605588     -1.006001545      2.578604043      0.938207080
    9    2    2    1    0.10      3.584605588     -0.946884610      2.637720978      0.000000000
    9    3    0    1    0.10     12.423249090     -1.784706622     10.638542468      0.932253331
    9    3    1    1    0.10     12.423249090     -1.745460467     10.677788623      0.888886471
    9    3    2    1    0.10     12.423249090     -1.783069246     10.640179844      0.919282575
    9    4    0    1    0.10     31.540454162     -2.768640416     28.771813746      0.877244223
    9    4    1    1    0.10     31.540454162     -2.822331770     28.718122392      0.925143186
    9    4    2    1    0.10     31.540454162     -2.774557817     28.765896345      0.851081086
   10    1    0    1    0.10      0.441134211     -0.342238056      0.098896154      0.948288158
   10    1    1    1    0.10      0.441134211      0.558816038      0.999950248      0.000000000
   10    1    2    1    0.10      0.441134211     -0.141694051      0.299440160      0.000000000
   10    2    0    1    0.10      3.584127998     -0.969972875      2.614155123      0.887694384
   10    2    1    1    0.10      3.584127998     -1.005777005      2.578350993      0.938401498
   10    2    2    1    0.10      3.584127998     -0.946547123      2.637580875      0.000000000
   10    3    0    1    0.10     12.388661286     -1.768562598     10.620098688      0.932573854
   10    3    1    1    0.10     12.388661286     -1.727370337     10.661290948      0.892058934
   10    3    2    1    0.10     12.388661286     -1.767587511     10.621073775      0.924301923
   10    4    0    1    0.10     30.917250224     -2.693558120     28.223692105      0.896444524
   10    4    1    1    0.10     30.917250224     -2.732174121     28.185076103      0.922855298
   10    4    2    1    0.10     30.917250224     -2.695157241     28.222092984      0.878513509
   11    1    0    1    0.10      0.441095807     -0.342194326      0.098901481      0.948429924
   11    1    1    1    0.10      0.441095807     -0.275404833      0.165690974      0.000000000
   11    1    2    1    0.10      0.441095807      0.658873060      1.099968866      0.000000000
   11    2    0    1    0.10      3.583761210     -0.969824875      2.613936335      0.887949153
   11    2    1    1    0.10      3.583761210     -1.005640171      2.578121038      0.938620553
   11    2    2    1    0.10      3.583761210     -0.946376151      2.637385059      0.000000000
   11    3    0    1    0.10     12.366445194     -1.755084768     10.611360426      0.933327283
   11    3    1    1    0.10     12.366445194     -1.716752386     10.649692808      0.891096721
   11    3    2    1    0.10     12.366445194     -1.754617169     10.611828025      0.924974375
   11    4    0    1    0.10     30.597981115     -2.628205227     27.969775888      0.895879826
   11    4    1    1    0.10     30.597981115     -2.679823009     27.918158106      0.927090507
   11    4    2    1    0.10     30.597981115     -2.630426278     27.967554836      0.865936080
   11    5    0    1    0.10     63.835742628     -3.833268271     60.002474357      0.936501840
   11    5    1    1    0.10     63.835742628     -3.789639163     60.046103465      0.910712154
   11    5    2    1    0.10     63.835742628     -3.824839696     60.010902932      0.927725434
   12    1    0    1    0.10      0.441064696     -0.342159107      0.098905588      0.948541200
   12    1    1    1    0.10      0.441064696     -0.275342417      0.165722278      0.000000000
   12    1    2    1    0.10      0.441064696      0.658904189      1.099968885      0.000000000
   12    2    0    1    0.10      3.583478776     -0.969707557      2.613771219      0.888137042
   12    2    1    1    0.10      3.583478776     -1.005534108      2.577944669      0.938782537
   12    2    2    1    0.10      3.583478776     -0.946241168      2.637237608      0.000000000
   12    3    0    1    0.10     12.362796783     -1.752583501     10.610213283      0.933195136
   12    3    1    1    0.10     12.362796783     -1.714345477     10.648451306      0.891465423
   12    3    2    1    0.10     12.362796783     -1.752326978     10.610469805      0.925183288
   12    4    0    1    0.10     30.359198442     -2.588692729     27.770505713      0.901662120
   12    4    1    1    0.10     30.359198442     -2.629412654     27.729785787      0.928253212
   12    4    2    1    0.10     30.359198442     -2.588026637     27.771171805      0.884284495
   12    5    0    1    0.10     62.938796448     -3.743373119     59.195423329      0.932829101
   12    5    1    1    0.10     62.938796448     -3.684979925     59.253816523      0.890801214
   12    5    2    1    0.10     62.938796448     -3.742469509     59.196326939      0.926891149
   12    6    0    1    0.10    116.708569067     -5.100120001    111.608449066      0.914790371
   12    6    1    1    0.10    116.708569067     -5.154524364    111.554044703      0.935963283
   12    6    2    1    0.10    116.708569067     -5.081724723    111.626844344      0.901634804
   13    1    0    1    0.10      0.441039025     -0.342130080      0.098908945      0.948631334
   13    1    1    1    0.10      0.441039025     -0.275291370      0.165747655      0.000000000
   13    1    2    1    0.10      0.441039025     -0.141591097      0.299447927      0.000000000
   13    2    0    1    0.10      3.583255716     -0.969615068      2.613640648      0.888287794
   13    2    1    1    0.10      3.583255716     -1.005451783      2.577803933      0.938910530
   13    2    2    1    0.10      3.583255716     -0.946135268      2.637120448      0.000000000
   13    3    0    1    0.10     12.360560267     -1.750847684     10.609712584      0.933391148
   13    3    1    1    0.10     12.360560267     -1.712663231     10.647897037      0.890660474
   13    3    2    1    0.10     12.360560267     -1.750610819     10.609949448      0.924923697
   13    4    0    1    0.10     30.263019648     -2.558810287     27.704209361      0.903255524
   13    4    1    1    0.10     30.263019648     -2.604775017     27.658244631      0.929838452
   13    4    2    1    0.10     30.263019648     -2.559366977     27.703652671      0.885207683
   13    5    0    1    0.10     62.112734550     -3.652176310     58.460558240      0.930649814
   13    5    1    1    0.10     62.112734550     -3.613780879     58.498953671      0.903386207
   13    5    2    1    0.10     62.112734550     -3.650799635     58.461934916      0.923639845
   14    1    0    1    0.10      0.441017517     -0.342105856      0.098911660      0.948705261
   14    1    1    1    0.10      0.441017517     -0.275248604      0.165768912      0.000000000
   14    1    2    1    0.10      0.441017517     -0.141568001      0.299449516      0.000000000
   14    2    0    1    0.10      3.583074506     -0.969539637      2.613534870      0.888409019
   14    2    1    1    0.10      3.583074506     -1.005385325      2.577689181      0.939013819
   14    2    2    1    0.10      3.583074506     -0.946049809      2.637024698      0.000000000
   14    3    0    1    0.10     12.359618608     -1.750568841     10.609049767      0.933543906
   14    3    1    1    0.10     12.359618608     -1.712388831     10.647229777      0.890911317
   14    3    2    1    0.10     12.359618608     -1.750317241     10.609301367      0.925129178
   14    4    0    1    0.10     30.193579938     -2.540963122     27.652616815      0.904372761
   14    4    1    1    0.10     30.193579938     -2.581421813     27.612158125      0.930959397
   14    4    2    1    0.10     30.193579938     -2.541583910     27.651996028      0.890241547
   14    5    0    1    0.10     61.634661242     -3.598593094     58.036068148      0.930553854
   14    5    1    1    0.10     61.634661242     -3.547873677     58.086787565      0.896843195
   14    5    2    1    0.10     61.634661242     -3.599769913     58.034891330      0.923760646
   14    6    0    1    0.10    112.838463835     -4.785488877    108.052974957      0.917605026
   14    6    1    1    0.10    112.838463835     -4.831925409    108.006538426      0.936858331
   14    6    2    1    0.10    112.838463835     -4.777214703    108.061249131      0.911843619
   15    1    0    1    0.10      0.440999257     -0.342085318      0.098913939      0.948767156
   15    1    1    1    0.10      0.440999257     -0.275212442      0.165786816      0.000000000
   15    1    2    1    0.10      0.440999257     -0.141548375      0.299450882      0.000000000
   15    2    0    1    0.10      3.582924886     -0.969477102      2.613447784      0.888507803
   15    2    1    1    0.10      3.582924886     -1.005330733      2.577594153      0.939098221
   15    2    2    1    0.10      3.582924886     -0.945979212      2.636945674      0.000000000
   15    3    0    1    0.10     12.358893520     -1.750381216     10.608512304      0.933695222
   15    3    1    1    0.10     12.358893520     -1.712187492     10.646706028      0.891054116
   15    3    2    1    0.10     12.358893520     -1.750123821     10.608769698      0.925296767
   15    4    0    1    0.10     30.174486025     -2.532212588     27.642273437      0.905405832
   15    4    1    1    0.10     30.174486025     -2.573771602     27.600714423      0.931145075
   15    4    2    1    0.10     30.174486025     -2.533166671     27.641319354      0.891254038
   15    5    0    1    0.10     61.232100985     -3.543812628     57.688288357      0.930977077
   15    5    1    1    0.10     61.232100985     -3.503820223     57.728280762      0.903772882
   15    5    2    1    0.10     61.232100985     -3.543363086     57.688737900      0.923882491
   15    6    0    1    0.10    111.653398779     -4.678692541    106.974706238      0.907978944
   15    6    1    1    0.10    111.653398779     -4.739805256    106.913593523      0.935406021
   15    6    2    1    0.10    111.653398779     -4.672494535    106.980904244      0.896058377
   16    1    0    1    0.10      0.440983579     -0.342067723      0.098915856      0.948819551
   16    1    1    1    0.10      0.440983579     -0.275181420      0.165802159      0.000000000
   16    1    2    1    0.10      0.440983579     -0.141531569      0.299452011      0.000000000
   16    2    0    1    0.10      3.582799348     -0.969424468      2.613374880      0.888590056
   16    2    1    1    0.10      3.582799348     -1.005285187      2.577514160      0.939168683
   16    2    2    1    0.10      3.582799348     -0.945920189      2.636879159      0.000000000
   16    3    0    1    0.10     12.358308044     -1.750261554     10.608046490      0.933823026
   16    3    1    1    0.10     12.358308044     -1.712060492     10.646247552      0.891217339
   16    3    2    1    0.10     12.358308044     -1.749997920     10.608310125      0.925455592
   16    4    0    1    0.10     30.160983703     -2.526795065     27.634188637      0.904639756
   16    4    1    1    0.10     30.160983703     -2.566992185     27.593991518      0.931599312
   16    4    2    1    0.10     30.160983703     -2.527627257     27.633356446      0.890975846
   16    5    0    1    0.10     61.026132596     -3.511329320     57.514803276      0.931325638
   16    5    1    1    0.10     61.026132596     -3.464837935     57.561294661      0.902423863
   16    5    2    1    0.10     61.026132596     -3.512160382     57.513972214      0.925379493
   16    6    0    1    0.10    110.543456563     -4.601982577    105.941473987      0.913389407
   16    6    1    1    0.10    110.543456563     -4.642288223    105.901168340      0.933443060
   16    6    2    1    0.10    110.543456563     -4.600084376    105.943372187      0.907683440
   17    1    0    1    0.10      0.440969983     -0.342052483      0.098917500      0.948864501
   17    1    1    1    0.10      0.440969983     -0.275154569      0.165815413      0.000000000
   17    1    2    1    0.10      0.440969983     -0.141516995      0.299452988      0.000000000
   17    2    0    1    0.10      3.582692594     -0.969379600      2.613312993      0.888659416
   17    2    1    1    0.10      3.582692594     -1.005246625      2.577445969      0.939228281
   17    2    2    1    0.10      3.582692594     -0.945870143      2.636822451      0.000000000
   17    3    0    1    0.10     12.357826681     -1.750163497     10.607663184      0.933928302
   17    3    1    1    0.10     12.357826681     -1.711956371     10.645870311      0.891349813
   17    3    2    1    0.10     12.357826681     -1.749895857     10.607930824      0.925583543
   17    4    0    1    0.10     30.157754504     -2.525286397     27.632468107      0.904911586
   17    4    1    1    0.10     30.157754504     -2.565523254     27.592231251      0.931617081
   17    4    2    1    0.10     30.157754504     -2.526118286     27.631636218      0.891252026
   17    5    0    1    0.10     60.862810765     -3.479247524     57.383563242      0.931751668
   17    5    1    1    0.10     60.862810765     -3.439734294     57.423076471      0.905808942
   17    5    2    1    0.10     60.862810765     -3.479214758     57.383596007      0.926729475
   17    6    0    1    0.10    109.840574358     -4.532293278    105.308281080      0.907552550
   17    6    1    1    0.10    109.840574358     -4.585376727    105.255197631      0.932154699
   17    6    2    1    0.10    109.840574358     -4.530348432    105.310225927      0.898450710
   17    7    0    1    0.10    183.745318828     -5.900588432    177.844730396      0.939532944
   17    7    1    1    0.10    183.745318828     -5.848777039    177.896541789      0.919661006
   17    7    2    1    0.10    183.745318828     -5.893650359    177.851668469      0.935624463
   18    1    0    1    0.10      0.440958088     -0.342039168      0.098918919      0.948903430
   18    1    1    1    0.10      0.440958088     -0.275131105      0.165826983      0.000000000
   18    1    2    1    0.10      0.440958088     -0.141504259      0.299453829      0.000000000
   18    2    0    1    0.10      3.582600800     -0.969340909      2.613259890      0.888718653
   18    2    1    1    0.10      3.582600800     -1.005213597      2.577387203      0.939279282
   18    2    2    1    0.10      3.582600800     -0.945827208      2.636773592      0.000000000
   18    3    0    1    0.10     12.357424157     -1.750082615     10.607341542      0.934016691
   18    3    1    1    0.10     12.357424157     -1.711870168     10.645553989      0.891459247
   18    3    2    1    0.10     12.357424157     -1.749812008     10.607612148      0.925689473
   18    4    0    1    0.10     30.155506471     -2.524282433     27.631224038      0.904674868
   18    4    1    1    0.10     30.155506471     -2.564424950     27.591081521      0.931749779
   18    4    2    1    0.10     30.155506471     -2.525053695     27.630452776      0.891068796
   18    5    0    1    0.10     60.796254637     -3.463712981     57.332541656      0.931812517
   18    5    1    1    0.10     60.796254637     -3.421554559     57.374700079      0.906416592
   18    5    2    1    0.10     60.796254637     -3.464350865     57.331903773      0.927491924
   18    6    0    1    0.10    109.209655194     -4.483794814    104.725860380      0.911699843
   18    6    1    1    0.10    109.209655194     -4.523875236    104.685779959      0.931858277
   18    6    2    1    0.10    109.209655194     -4.482677712    104.726977482      0.904924534
   19    1    0    1    0.10      0.440947601     -0.342027442      0.098920159      0.948937461
   19    1    1    1    0.10      0.440947601     -0.275110441      0.165837160      0.000000000
   19    1    2    1    0.10      0.440947601     -0.141493034      0.299454567      0.000000000
   19    2    0    1    0.10      3.582521068     -0.969307229      2.613213840      0.888769804
   19    2    1    1    0.10      3.582521068     -1.005185008      2.577336060      0.939323420
   19    2    2    1    0.10      3.582521068     -0.945789986      2.636731082      0.000000000
   19    3    0    1    0.10     12.357082112     -1.750014390     10.607067722      0.934092153
   19    3    1    1    0.10     12.357082112     -1.711797426     10.645284686      0.891551397
   19    3    2    1    0.10     12.357082112     -1.749741729     10.607340384      0.925778589
   19    4    0    1    0.10     30.154289250     -2.524047820     27.630241429      0.904829197
   19    4    1    1    0.10     30.154289250     -2.564186023     27.590103226      0.931856324
   19    4    2    1    0.10     30.154289250     -2.524802269     27.629486980      0.891259150
   19    5    0    1    0.10     60.744820443     -3.448920276     57.295900167      0.932529270
   19    5    1    1    0.10     60.744820443     -3.410011821     57.334808623      0.907202127
   19    5    2    1    0.10     60.744820443     -3.449228836     57.295591607      0.928710007
   19    6    0    1    0.10    108.834284977     -4.436776029    104.397508948      0.909257008
   19    6    1    1    0.10    108.834284977     -4.485640080    104.348644897      0.931653634
   19    6    2    1    0.10    108.834284977     -4.435931651    104.398353326      0.901094788
   19    7    0    1    0.10    180.697849990     -5.698496306    174.999353684      0.936936335
   19    7    1    1    0.10    180.697849990     -5.654393820    175.043456170      0.917834900
   19    7    2    1    0.10    180.697849990     -5.694731713    175.003118277      0.934181443
   20    1    0    1    0.10      0.440938291     -0.342017041      0.098921250      0.948967441
   20    1    1    1    0.10      0.440938291     -0.275092113      0.165846178      0.000000000
   20    1    2    1    0.10      0.440938291     -0.141483073      0.299455218      0.000000000
   20    2    0    1    0.10      3.582451215     -0.969277657      2.613173558      0.888814376
   20    2    1    1    0.10      3.582451215     -1.005160038      2.577291176      0.939361957
   20    2    2    1    0.10      3.582451215     -0.945757441      2.636693774      0.000000000
   20    3    0    1    0.10     12.356788104     -1.749956027     10.606832077      0.934157196
   20    3    1    1    0.10     12.356788104     -1.711735231     10.645052873      0.891629742
   20    3    2    1    0.10     12.356788104     -1.749681951     10.607106153      0.925854460
   20    4    0    1    0.10     30.153299813     -2.523876363     27.629423450      0.904923766
   20    4    1    1    0.10     30.153299813     -2.564018412     27.589281401      0.931961437
   20    4    2    1    0.10     30.153299813     -2.524618192     27.628681621      0.891384749
   20    5    0    1    0.10     60.728912705     -3.443575636     57.285337069      0.932436707
   20    5    1    1    0.10     60.728912705     -3.404093604     57.324819101      0.907775750
   20    5    2    1    0.10     60.728912705     -3.444143111     57.284769594      0.928866120
   20    6    0    1    0.10    108.515015840     -4.405095650    104.109920190      0.911911261
   20    6    1    1    0.10    108.515015840     -4.445114330    104.069901510      0.931721468
   20    6    2    1    0.10    108.515015840     -4.404510115    104.110505725      0.905528512
   20    7    0    1    0.10    179.693792282     -5.634051655    174.059740627      0.935524791
   20    7    1    1    0.10    179.693792282     -5.579156527    174.114635755      0.911683233
   20    7    2    1    0.10    179.693792282     -5.632649543    174.061142739      0.932967892