# Ground state energies (HF, MP2, IMSRG)
#
# num_shells: total number of shells in basis.
#
# num_filled: number of shells fully occupied by electrons;
# The number of electrons is given by num_filled * (num_filled + 1).
#
# freq: frequency of the harmonic oscillator potential in atomic units.
#
# energy: value of ground state energy in atomic units.
#
# time: wall time taken to compute the result.
#
num_shells num_filled freq method energy time
5 1 0.28 imsrg 0.998959 2.86402
5 1 1 imsrg 3.0068 2.26653
5 2 0.28 imsrg 7.6456 3.89155
5 2 1 imsrg 20.3009 2.71422
5 3 0.1 imsrg 13.7843 3.71003
5 3 0.28 imsrg 27.1767 3.12139
5 3 1 imsrg 67.0057 2.85022
6 1 0.28 imsrg 0.998287 12.0095
6 1 1 imsrg 3.00274 9.34905
6 2 0.1 imsrg 3.48577 23.2881
6 2 0.28 imsrg 7.58885 15.1526
6 2 1 imsrg 20.2426 10.988
6 3 0.28 imsrg 26.4985 16.2861
6 3 1 imsrg 66.4744 13.0018
7 1 0.28 imsrg 0.997825 42.2828
7 1 1 imsrg 3.00014 31.7399
7 2 0.1 imsrg 3.48125 80.3469
7 2 0.28 imsrg 7.58345 50.8004
7 2 1 imsrg 20.2174 37.1686
7 3 0.1 imsrg 12.6367 65.9458
7 3 0.28 imsrg 25.9251 53.2563
7 3 1 imsrg 65.9924 43.057
8 1 0.28 imsrg 0.997582 124.093
8 1 1 imsrg 2.99837 91.631
8 2 0.1 imsrg 3.49061 207.206
8 2 0.28 imsrg 7.5802 146.64
8 2 1 imsrg 20.202 109.947
8 3 0.28 imsrg 25.7426 170.584
8 3 1 imsrg 65.9112 128.194
9 1 0.28 imsrg 0.997425 325.446
9 1 1 imsrg 2.99709 234.792
9 2 0.1 imsrg 3.4925 559.883
9 2 0.28 imsrg 7.57795 397.654
9 2 1 imsrg 20.1915 275.989
9 3 0.1 imsrg 12.2515 607.015
9 3 0.28 imsrg 25.66 439.012
9 3 1 imsrg 65.8594 325.127
10 1 0.28 imsrg 0.997324 775.469
10 1 1 imsrg 2.99612 566.739
10 2 0.1 imsrg 3.49329 1358.6
10 2 0.28 imsrg 7.57635 934.671
10 2 1 imsrg 20.1841 658.087
10 3 0.1 imsrg 12.2138 1442.77
10 3 0.28 imsrg 25.6484 1009.33
10 3 1 imsrg 65.8264 758.337
11 1 0.28 imsrg 0.997254 1684.74
11 1 1 imsrg 2.99536 1248.48
11 2 0.1 imsrg 3.49398 2843.71
11 2 0.28 imsrg 7.57519 2018.49
11 2 1 imsrg 20.1785 1435.91
11 3 0.1 imsrg 12.2185 2977.05
11 3 0.28 imsrg 25.6409 2205.26
11 3 1 imsrg 65.8035 1662.49
12 1 0.28 imsrg 0.997204 3450.63
12 1 1 imsrg 2.99476 2557.83
12 2 0.1 imsrg 3.49437 5669.67
12 2 0.28 imsrg 7.5743 3974.32
12 2 1 imsrg 20.1742 2898.53
12 3 0.1 imsrg 12.2182 6085.42
12 3 0.28 imsrg 25.6362 4515.25
12 3 1 imsrg 65.7862 3471.54
13 1 0.28 imsrg 0.997167 6645.92
13 1 1 imsrg 2.99426 4799.78
13 2 0.1 imsrg 3.49473 11133.7
13 2 0.28 imsrg 7.57362 7709.73
13 2 1 imsrg 20.1708 5737.72
13 3 0.1 imsrg 12.2201 12428.7
13 3 0.28 imsrg 25.6326 8495.82
13 3 1 imsrg 65.7731 6488.83
14 1 0.28 imsrg 0.997138 12243.1
14 1 1 imsrg 2.99385 8939.8
14 2 0.1 imsrg 3.49502 21302.7
14 2 0.28 imsrg 7.57308 14024.3
14 2 1 imsrg 20.168 10559.4
14 3 0.1 imsrg 12.2208 21929.2
14 3 0.28 imsrg 25.6298 16033.1
14 3 1 imsrg 65.7628 12375.7
5 1 0.28 hf 1.14174 4.7583e-05
5 1 1 hf 3.16192 0.000336315
5 2 0.28 hf 8.09588 4.8289e-05
5 2 1 hf 20.7484 3.3445e-05
5 3 0.1 hf 14.0982 5.0499e-05
5 3 0.28 hf 27.5961 5.0559e-05
5 3 1 hf 67.5699 0.000332628
6 1 0.28 hf 1.14174 5.2337e-05
6 1 1 hf 3.16192 0.000375409
6 2 0.1 hf 3.87062 3.5741e-05
6 2 0.28 hf 8.02196 0.000317791
6 2 1 hf 20.7203 0.00033479
6 3 0.28 hf 27.1949 4.8589e-05
6 3 1 hf 67.2969 5.0699e-05
7 1 0.28 hf 1.14172 5.0076e-05
7 1 1 hf 3.16191 0.000338885
7 2 0.1 hf 3.86313 3.7899e-05
7 2 0.28 hf 8.02057 0.000305288
7 2 1 hf 20.7201 0.000302004
7 3 0.1 hf 13.2709 5.0021e-05
7 3 0.28 hf 26.7225 4.13e-05
7 3 1 hf 66.9347 0.000320868
8 1 0.28 hf 1.14172 0.000318338
8 1 1 hf 3.16191 4.8966e-05
8 2 0.1 hf 3.85288 5.5358e-05
8 2 0.28 hf 8.01963 0.000307849
8 2 1 hf 20.7192 4.3245e-05
8 3 0.28 hf 26.6511 0.000309512
8 3 1 hf 66.9231 0.00032339
9 1 0.28 hf 1.14171 6.15431e-05
9 1 1 hf 3.16191 4.95841e-05
9 2 0.1 hf 3.85259 6.8582e-05
9 2 0.28 hf 8.01961 0.000315225
9 2 1 hf 20.7192 0.000319995
9 3 0.1 hf 13.0002 0.000320457
9 3 0.28 hf 26.5597 5.0289e-05
9 3 1 hf 66.9122 6.12111e-05
10 1 0.28 hf 1.14171 6.2092e-05
10 1 1 hf 3.16191 7.8019e-05
10 2 0.1 hf 3.85239 7.9538e-05
10 2 0.28 hf 8.01957 8.1299e-05
10 2 1 hf 20.7192 0.000317187
10 3 0.1 hf 12.9699 0.000308717
10 3 0.28 hf 26.5544 0.000302293
10 3 1 hf 66.912 0.000321866
11 1 0.28 hf 1.14171 0.000313415
11 1 1 hf 3.16191 0.000309188
11 2 0.1 hf 3.85239 0.000314902
11 2 0.28 hf 8.01957 9.6391e-05
11 2 1 hf 20.7192 0.000309535
11 3 0.1 hf 12.9336 8.3833e-05
11 3 0.28 hf 26.55 9.8301e-05
11 3 1 hf 66.9114 9.45131e-05
12 1 0.28 hf 1.14171 0.000309512
12 1 1 hf 3.16191 8.8222e-05
12 2 0.1 hf 3.85238 0.000320033
12 2 0.28 hf 8.01957 0.000318997
12 2 1 hf 20.7192 0.000318773
12 3 0.1 hf 12.9292 9.40061e-05
12 3 0.28 hf 26.55 0.000311274
12 3 1 hf 66.9114 0.00030031
13 1 0.28 hf 1.14171 0.00010656
13 1 1 hf 3.16191 0.000126119
13 2 0.1 hf 3.85238 0.000110675
13 2 0.28 hf 8.01957 9.39079e-05
13 2 1 hf 20.7192 8.9013e-05
13 3 0.1 hf 12.9249 0.000315039
13 3 0.28 hf 26.55 0.000313337
13 3 1 hf 66.9113 9.9462e-05
14 1 0.28 hf 1.14171 0.000299294
14 1 1 hf 3.16191 0.000311139
14 2 0.1 hf 3.85238 0.000309595
14 2 0.28 hf 8.01957 0.000108949
14 2 1 hf 20.7192 8.1736e-05
14 3 0.1 hf 12.9248 0.000305728
14 3 0.28 hf 26.55 0.000311997
14 3 1 hf 66.9113 0.000101523
5 1 0.28 mp2 1.03961 4.97399e-06
5 1 1 mp2 3.03342 3.73501e-06
5 2 0.28 mp2 7.78834 7.88999e-06
5 2 1 mp2 20.3675 5.49399e-06
5 3 0.1 mp2 13.8357 1.1418e-05
5 3 0.28 mp2 27.2123 1.1229e-05
5 3 1 mp2 67.0216 7.71999e-06
6 1 0.28 mp2 1.03512 8.69e-06
6 1 1 mp2 3.02704 8.562e-06
6 2 0.1 mp2 3.61634 1.0299e-05
6 2 0.28 mp2 7.68378 1.4975e-05
6 2 1 mp2 20.3026 1.0746e-05
6 3 0.28 mp2 26.6275 2.5897e-05
6 3 1 mp2 66.5489 2.811e-05
7 1 0.28 mp2 1.03183 1.4255e-05
7 1 1 mp2 3.02221 1.0726e-05
7 2 0.1 mp2 3.59269 1.9621e-05
7 2 0.28 mp2 7.66414 2.6224e-05
7 2 1 mp2 20.274 1.918e-05
7 3 0.1 mp2 12.802 4.8182e-05
7 3 0.28 mp2 26.0549 3.9935e-05
7 3 1 mp2 66.0674 3.5044e-05
8 1 0.28 mp2 1.02923 2.6636e-05
8 1 1 mp2 3.01859 1.7551e-05
8 2 0.1 mp2 3.57542 6.2279e-05
8 2 0.28 mp2 7.64979 4.7269e-05
8 2 1 mp2 20.2522 3.2442e-05
8 3 0.28 mp2 25.9 6.2742e-05
8 3 1 mp2 65.9856 9.24971e-05
9 1 0.28 mp2 1.02717 4.4373e-05
9 1 1 mp2 3.01574 3.4888e-05
9 2 0.1 mp2 3.5674 0.000120281
9 2 0.28 mp2 7.63867 0.000121832
9 2 1 mp2 20.2367 0.000114624
9 3 0.1 mp2 12.4141 0.000192187
9 3 0.28 mp2 25.7689 0.000161559
9 3 1 mp2 65.9253 0.000166819
10 1 0.28 mp2 1.0255 5.7864e-05
10 1 1 mp2 3.01345 7.161e-05
10 2 0.1 mp2 3.56113 0.000195332
10 2 0.28 mp2 7.62994 0.000187926
10 2 1 mp2 20.2243 0.000189846
10 3 0.1 mp2 12.3519 0.000303009
10 3 0.28 mp2 25.7347 0.000303701
10 3 1 mp2 65.8848 0.000329877
11 1 0.28 mp2 1.02411 0.00010127
11 1 1 mp2 3.01156 8.00859e-05
11 2 0.1 mp2 3.55588 0.000239085
11 2 0.28 mp2 7.62294 0.000276007
11 2 1 mp2 20.2145 0.000273938
11 3 0.1 mp2 12.3033 0.000491555
11 3 0.28 mp2 25.7092 0.00048205
11 3 1 mp2 65.8528 0.000471316
12 1 0.28 mp2 1.02295 0.000134449
12 1 1 mp2 3.00999 0.000111768
12 2 0.1 mp2 3.55158 0.000349563
12 2 0.28 mp2 7.61716 0.000343794
12 2 1 mp2 20.2064 0.000338359
12 3 0.1 mp2 12.2849 0.000610833
12 3 0.28 mp2 25.6907 0.000621695
12 3 1 mp2 65.8276 0.000619639
13 1 0.28 mp2 1.02196 0.000168314
13 1 1 mp2 3.00865 0.000173378
13 2 0.1 mp2 3.54798 0.000455633
13 2 0.28 mp2 7.61232 0.000454778
13 2 1 mp2 20.1996 0.00043902
13 3 0.1 mp2 12.2714 0.000835559
13 3 0.28 mp2 25.6755 0.000855325
13 3 1 mp2 65.8069 0.000846421
14 1 0.28 mp2 1.0211 0.000190108
14 1 1 mp2 3.00751 0.000191575
14 2 0.1 mp2 3.54492 0.000623733
14 2 0.28 mp2 7.60822 0.000609681
14 2 1 mp2 20.1939 0.000540674
14 3 0.1 mp2 12.2614 0.00108115
14 3 0.28 mp2 25.663 0.00110258
14 3 1 mp2 65.7897 0.00112032
