# Addition and removal energies (HF, IMSRG, QDPT)
#
# num_shells: total number of shells in basis.
#
# num_filled: number of shells fully occupied by electrons;
# The number of electrons is given by num_filled * (num_filled + 1).
#
# freq: frequency of the harmonic oscillator potential in atomic units.
#
# is_hole: whether the row denotes addition energy or removal energy;
# 0 => addition, 1 => removal.
#
# energy: value of addition/removal energy in atomic units.
#
num_shells num_filled freq method is_hole energy
6 1 0.28 hf 1 0.830392
6 1 0.5 hf 1 1.26446
6 1 1 hf 1 2.12246
6 2 0.1 hf 1 1.06539
6 2 0.28 hf 1 2.14165
6 2 0.5 hf 1 3.21759
6 2 1 hf 1 5.30056
6 3 0.28 hf 1 3.82901
6 3 0.5 hf 1 5.61376
6 3 1 hf 1 9.03793
7 1 0.28 hf 1 0.830313
7 1 0.5 hf 1 1.26444
7 1 1 hf 1 2.1225
7 2 0.1 hf 1 1.05977
7 2 0.28 hf 1 2.13983
7 2 0.5 hf 1 3.21722
7 2 1 hf 1 5.3007
7 3 0.1 hf 1 1.90452
7 3 0.28 hf 1 3.70285
7 3 0.5 hf 1 5.48476
7 3 1 hf 1 8.92028
8 1 0.28 hf 1 0.830313
8 1 0.5 hf 1 1.26444
8 1 1 hf 1 2.1225
8 2 0.1 hf 1 1.05045
8 2 0.28 hf 1 2.13808
8 2 0.5 hf 1 3.21732
8 2 1 hf 1 5.30055
8 3 0.28 hf 1 3.67604
8 3 0.5 hf 1 5.46618
8 3 1 hf 1 8.91184
9 1 0.28 hf 1 0.830306
9 1 0.5 hf 1 1.26443
9 1 1 hf 1 2.1225
9 2 0.1 hf 1 1.04996
9 2 0.28 hf 1 2.1381
9 2 0.5 hf 1 3.2173
9 2 1 hf 1 5.30055
9 3 0.1 hf 1 1.82315
9 3 0.28 hf 1 3.63395
9 3 0.5 hf 1 5.43769
9 3 1 hf 1 8.90116
10 1 0.28 hf 1 0.830306
10 1 0.5 hf 1 1.26443
10 1 1 hf 1 2.1225
10 2 0.1 hf 1 1.04951
10 2 0.28 hf 1 2.13809
10 2 0.5 hf 1 3.21728
10 2 1 hf 1 5.30057
10 3 0.1 hf 1 1.80975
10 3 0.28 hf 1 3.62988
10 3 0.5 hf 1 5.43701
10 3 1 hf 1 8.90122
11 1 0.28 hf 1 0.830306
11 1 0.5 hf 1 1.26443
11 1 1 hf 1 2.1225
11 2 0.1 hf 1 1.04951
11 2 0.28 hf 1 2.13809
11 2 0.5 hf 1 3.21728
11 2 1 hf 1 5.30057
11 3 0.1 hf 1 1.79279
11 3 0.28 hf 1 3.62609
11 3 0.5 hf 1 5.43685
11 3 1 hf 1 8.90088
12 1 0.28 hf 1 0.830306
12 1 0.5 hf 1 1.26443
12 1 1 hf 1 2.1225
12 2 0.1 hf 1 1.04951
12 2 0.28 hf 1 2.13809
12 2 0.5 hf 1 3.21728
12 2 1 hf 1 5.30057
12 3 0.1 hf 1 1.7903
12 3 0.28 hf 1 3.62606
12 3 0.5 hf 1 5.43684
12 3 1 hf 1 8.90088
13 1 0.28 hf 1 0.830306
13 1 0.5 hf 1 1.26443
13 1 1 hf 1 2.1225
13 2 0.1 hf 1 1.04951
13 2 0.28 hf 1 2.13809
13 2 0.5 hf 1 3.21728
13 2 1 hf 1 5.30057
13 3 0.1 hf 1 1.78707
13 3 0.28 hf 1 3.62607
13 3 0.5 hf 1 5.43682
13 3 1 hf 1 8.90088
14 1 0.28 hf 1 0.830306
14 1 0.5 hf 1 1.26443
14 1 1 hf 1 2.1225
14 2 0.1 hf 1 1.04951
14 2 0.28 hf 1 2.13809
14 2 0.5 hf 1 3.21728
14 2 1 hf 1 5.30057
14 3 0.1 hf 1 1.78684
14 3 0.28 hf 1 3.62606
14 3 0.5 hf 1 5.43682
14 3 1 hf 1 8.90088
6 1 0.28 hf+qpt2 1 0.746035
6 1 0.5 hf+qpt2 1 1.17108
6 1 1 hf+qpt2 1 2.02002
6 2 0.1 hf+qpt2 1 1.02976
6 2 0.28 hf+qpt2 1 2.09928
6 2 0.5 hf+qpt2 1 3.17429
6 2 1 hf+qpt2 1 5.25702
6 3 0.28 hf+qpt2 1 3.83436
6 3 0.5 hf+qpt2 1 5.62053
6 3 1 hf+qpt2 1 9.04758
7 1 0.28 hf+qpt2 1 0.742741
7 1 0.5 hf+qpt2 1 1.16719
7 1 1 hf+qpt2 1 2.01523
7 2 0.1 hf+qpt2 1 1.01874
7 2 0.28 hf+qpt2 1 2.09164
7 2 0.5 hf+qpt2 1 3.16653
7 2 1 hf+qpt2 1 5.24744
7 3 0.1 hf+qpt2 1 1.88611
7 3 0.28 hf+qpt2 1 3.69329
7 3 0.5 hf+qpt2 1 5.47542
7 3 1 hf+qpt2 1 8.9103
8 1 0.28 hf+qpt2 1 0.740144
8 1 0.5 hf+qpt2 1 1.16413
8 1 1 hf+qpt2 1 2.01161
8 2 0.1 hf+qpt2 1 1.00733
8 2 0.28 hf+qpt2 1 2.08619
8 2 0.5 hf+qpt2 1 3.16089
8 2 1 hf+qpt2 1 5.23988
8 3 0.28 hf+qpt2 1 3.65661
8 3 0.5 hf+qpt2 1 5.446
8 3 1 hf+qpt2 1 8.89172
9 1 0.28 hf+qpt2 1 0.73808
9 1 0.5 hf+qpt2 1 1.16173
9 1 1 hf+qpt2 1 2.00877
9 2 0.1 hf+qpt2 1 1.0043
9 2 0.28 hf+qpt2 1 2.08239
9 2 0.5 hf+qpt2 1 3.15646
9 2 1 hf+qpt2 1 5.23466
9 3 0.1 hf+qpt2 1 1.79369
9 3 0.28 hf+qpt2 1 3.60412
9 3 0.5 hf+qpt2 1 5.4093
9 3 1 hf+qpt2 1 8.87446
10 1 0.28 hf+qpt2 1 0.736407
10 1 0.5 hf+qpt2 1 1.15977
10 1 1 hf+qpt2 1 2.00647
10 2 0.1 hf+qpt2 1 1.00204
10 2 0.28 hf+qpt2 1 2.07939
10 2 0.5 hf+qpt2 1 3.15301
10 2 1 hf+qpt2 1 5.23054
10 3 0.1 hf+qpt2 1 1.77789
10 3 0.28 hf+qpt2 1 3.59636
10 3 0.5 hf+qpt2 1 5.40337
10 3 1 hf+qpt2 1 8.86763
11 1 0.28 hf+qpt2 1 0.73502
11 1 0.5 hf+qpt2 1 1.15815
11 1 1 hf+qpt2 1 2.00459
11 2 0.1 hf+qpt2 1 1.00024
11 2 0.28 hf+qpt2 1 2.07702
11 2 0.5 hf+qpt2 1 3.15024
11 2 1 hf+qpt2 1 5.22725
11 3 0.1 hf+qpt2 1 1.75142
11 3 0.28 hf+qpt2 1 3.58985
11 3 0.5 hf+qpt2 1 5.39892
11 3 1 hf+qpt2 1 8.86182
12 1 0.28 hf+qpt2 1 0.733856
12 1 0.5 hf+qpt2 1 1.1568
12 1 1 hf+qpt2 1 2.00301
12 2 0.1 hf+qpt2 1 0.998759
12 2 0.28 hf+qpt2 1 2.07507
12 2 0.5 hf+qpt2 1 3.14796
12 2 1 hf+qpt2 1 5.22457
12 3 0.1 hf+qpt2 1 1.7459
12 3 0.28 hf+qpt2 1 3.58671
12 3 0.5 hf+qpt2 1 5.3953
12 3 1 hf+qpt2 1 8.85762
13 1 0.28 hf+qpt2 1 0.732862
13 1 0.5 hf+qpt2 1 1.15565
13 1 1 hf+qpt2 1 2.00168
13 2 0.1 hf+qpt2 1 0.997532
13 2 0.28 hf+qpt2 1 2.07344
13 2 0.5 hf+qpt2 1 3.14607
13 2 1 hf+qpt2 1 5.22234
13 3 0.1 hf+qpt2 1 1.7413
13 3 0.28 hf+qpt2 1 3.58416
13 3 0.5 hf+qpt2 1 5.39236
13 3 1 hf+qpt2 1 8.85412
14 1 0.28 hf+qpt2 1 0.732006
14 1 0.5 hf+qpt2 1 1.15466
14 1 1 hf+qpt2 1 2.00054
14 2 0.1 hf+qpt2 1 0.996492
14 2 0.28 hf+qpt2 1 2.07207
14 2 0.5 hf+qpt2 1 3.14447
14 2 1 hf+qpt2 1 5.22045
14 3 0.1 hf+qpt2 1 1.7393
14 3 0.28 hf+qpt2 1 3.58204
14 3 0.5 hf+qpt2 1 5.38992
14 3 1 hf+qpt2 1 8.85125
6 1 0.28 hf+qpt3 1 0.750789
6 1 0.5 hf+qpt3 1 1.17215
6 1 1 hf+qpt3 1 2.01794
6 2 0.1 hf+qpt3 1 1.05132
6 2 0.28 hf+qpt3 1 2.11771
6 2 0.5 hf+qpt3 1 3.19015
6 2 1 hf+qpt3 1 5.26945
6 3 0.28 hf+qpt3 1 3.87937
6 3 0.5 hf+qpt3 1 5.64941
6 3 1 hf+qpt3 1 9.06309
7 1 0.28 hf+qpt3 1 0.751554
7 1 0.5 hf+qpt3 1 1.17184
7 1 1 hf+qpt3 1 2.0161
7 2 0.1 hf+qpt3 1 1.04295
7 2 0.28 hf+qpt3 1 2.11521
7 2 0.5 hf+qpt3 1 3.18705
7 2 1 hf+qpt3 1 5.26298
7 3 0.1 hf+qpt3 1 1.94816
7 3 0.28 hf+qpt3 1 3.73814
7 3 0.5 hf+qpt3 1 5.50407
7 3 1 hf+qpt3 1 8.92228
8 1 0.28 hf+qpt3 1 0.752291
8 1 0.5 hf+qpt3 1 1.17181
8 1 1 hf+qpt3 1 2.01504
8 2 0.1 hf+qpt3 1 1.03937
8 2 0.28 hf+qpt3 1 2.11505
8 2 0.5 hf+qpt3 1 3.18525
8 2 1 hf+qpt3 1 5.25837
8 3 0.28 hf+qpt3 1 3.68379
8 3 0.5 hf+qpt3 1 5.46545
8 3 1 hf+qpt3 1 8.90444
9 1 0.28 hf+qpt3 1 0.753048
9 1 0.5 hf+qpt3 1 1.17195
9 1 1 hf+qpt3 1 2.01436
9 2 0.1 hf+qpt3 1 1.04104
9 2 0.28 hf+qpt3 1 2.11491
9 2 0.5 hf+qpt3 1 3.18412
9 2 1 hf+qpt3 1 5.25594
9 3 0.1 hf+qpt3 1 1.83679
9 3 0.28 hf+qpt3 1 3.63226
9 3 0.5 hf+qpt3 1 5.43198
9 3 1 hf+qpt3 1 8.89166
10 1 0.28 hf+qpt3 1 0.753773
10 1 0.5 hf+qpt3 1 1.17217
10 1 1 hf+qpt3 1 2.01391
10 2 0.1 hf+qpt3 1 1.04304
10 2 0.28 hf+qpt3 1 2.1151
10 2 0.5 hf+qpt3 1 3.18359
10 2 1 hf+qpt3 1 5.25427
10 3 0.1 hf+qpt3 1 1.81448
10 3 0.28 hf+qpt3 1 3.62713
10 3 0.5 hf+qpt3 1 5.42979
10 3 1 hf+qpt3 1 8.88751
11 1 0.28 hf+qpt3 1 0.754456
11 1 0.5 hf+qpt3 1 1.17243
11 1 1 hf+qpt3 1 2.01362
11 2 0.1 hf+qpt3 1 1.04438
11 2 0.28 hf+qpt3 1 2.11554
11 2 0.5 hf+qpt3 1 3.18334
11 2 1 hf+qpt3 1 5.25313
11 3 0.1 hf+qpt3 1 1.7993
11 3 0.28 hf+qpt3 1 3.62501
11 3 0.5 hf+qpt3 1 5.42848
11 3 1 hf+qpt3 1 8.88431
12 1 0.28 hf+qpt3 1 0.755091
12 1 0.5 hf+qpt3 1 1.1727
12 1 1 hf+qpt3 1 2.01342
12 2 0.1 hf+qpt3 1 1.04565
12 2 0.28 hf+qpt3 1 2.11603
12 2 0.5 hf+qpt3 1 3.18327
12 2 1 hf+qpt3 1 5.25233
12 3 0.1 hf+qpt3 1 1.79807
12 3 0.28 hf+qpt3 1 3.62482
12 3 0.5 hf+qpt3 1 5.42755
12 3 1 hf+qpt3 1 8.88251
13 1 0.28 hf+qpt3 1 0.755677
13 1 0.5 hf+qpt3 1 1.17298
13 1 1 hf+qpt3 1 2.0133
13 2 0.1 hf+qpt3 1 1.04685
13 2 0.28 hf+qpt3 1 2.11656
13 2 0.5 hf+qpt3 1 3.18332
13 2 1 hf+qpt3 1 5.25175
13 3 0.1 hf+qpt3 1 1.79831
13 3 0.28 hf+qpt3 1 3.62486
13 3 0.5 hf+qpt3 1 5.42707
13 3 1 hf+qpt3 1 8.88117
14 1 0.28 hf+qpt3 1 0.756217
14 1 0.5 hf+qpt3 1 1.17325
14 1 1 hf+qpt3 1 2.01322
14 2 0.1 hf+qpt3 1 1.04796
14 2 0.28 hf+qpt3 1 2.11708
14 2 0.5 hf+qpt3 1 3.18343
14 2 1 hf+qpt3 1 5.25132
14 3 0.1 hf+qpt3 1 1.79956
14 3 0.28 hf+qpt3 1 3.6251
14 3 0.5 hf+qpt3 1 5.42683
14 3 1 hf+qpt3 1 8.88022
6 1 0.28 imsrg 1 0.691463
6 1 0.5 imsrg 1 1.11645
6 1 1 imsrg 1 1.96411
6 2 0.1 imsrg 1 0.93136
6 2 0.28 imsrg 1 1.99028
6 2 0.5 imsrg 1 3.05505
6 2 1 imsrg 1 5.12753
6 3 0.28 imsrg 1 3.69952
6 3 0.5 imsrg 1 5.46954
6 3 1 imsrg 1 8.8769
7 1 0.28 imsrg 1 0.691592
7 1 0.5 imsrg 1 1.11588
7 1 1 imsrg 1 1.96233
7 2 0.1 imsrg 1 0.924394
7 2 0.28 imsrg 1 1.98965
7 2 0.5 imsrg 1 3.05269
7 2 1 imsrg 1 5.12109
7 3 0.1 imsrg 1 1.80014
7 3 0.28 imsrg 1 3.56563
7 3 0.5 imsrg 1 5.32659
7 3 1 imsrg 1 8.74134
8 1 0.28 imsrg 1 0.69174
8 1 0.5 imsrg 1 1.11553
8 1 1 imsrg 1 1.96115
8 2 0.1 imsrg 1 0.929389
8 2 0.28 imsrg 1 1.9896
8 2 0.5 imsrg 1 3.05151
8 2 1 imsrg 1 5.11736
8 3 0.28 imsrg 1 3.50746
8 3 0.5 imsrg 1 5.2878
8 3 1 imsrg 1 8.72137
9 1 0.28 imsrg 1 0.691826
9 1 0.5 imsrg 1 1.11526
9 1 1 imsrg 1 1.96027
9 2 0.1 imsrg 1 0.930361
9 2 0.28 imsrg 1 1.98954
9 2 0.5 imsrg 1 3.05066
9 2 1 imsrg 1 5.11508
9 3 0.1 imsrg 1 1.68776
9 3 0.28 imsrg 1 3.47413
9 3 0.5 imsrg 1 5.26167
9 3 1 imsrg 1 8.70748
10 1 0.28 imsrg 1 0.691907
10 1 0.5 imsrg 1 1.11506
10 1 1 imsrg 1 1.9596
10 2 0.1 imsrg 1 0.930954
10 2 0.28 imsrg 1 1.98948
10 2 0.5 imsrg 1 3.05006
10 2 1 imsrg 1 5.11348
10 3 0.1 imsrg 1 1.67066
10 3 0.28 imsrg 1 3.47122
10 3 0.5 imsrg 1 5.25992
10 3 1 imsrg 1 8.70324
11 1 0.28 imsrg 1 0.691967
11 1 0.5 imsrg 1 1.11489
11 1 1 imsrg 1 1.95907
11 2 0.1 imsrg 1 0.931282
11 2 0.28 imsrg 1 1.98943
11 2 0.5 imsrg 1 3.04961
11 2 1 imsrg 1 5.11231
11 3 0.1 imsrg 1 1.66955
11 3 0.28 imsrg 1 3.46976
11 3 0.5 imsrg 1 5.25883
11 3 1 imsrg 1 8.70036
12 1 0.28 imsrg 1 0.692019
12 1 0.5 imsrg 1 1.11476
12 1 1 imsrg 1 1.95864
12 2 0.1 imsrg 1 0.931514
12 2 0.28 imsrg 1 1.9894
12 2 0.5 imsrg 1 3.04926
12 2 1 imsrg 1 5.1114
12 3 0.1 imsrg 1 1.66865
12 3 0.28 imsrg 1 3.46955
12 3 0.5 imsrg 1 5.25809
12 3 1 imsrg 1 8.69855
13 1 0.28 imsrg 1 0.692061
13 1 0.5 imsrg 1 1.11466
13 1 1 imsrg 1 1.95829
13 2 0.1 imsrg 1 0.931697
13 2 0.28 imsrg 1 1.98938
13 2 0.5 imsrg 1 3.04898
13 2 1 imsrg 1 5.11068
13 3 0.1 imsrg 1 1.66919
13 3 0.28 imsrg 1 3.46939
13 3 0.5 imsrg 1 5.25749
13 3 1 imsrg 1 8.69717
14 1 0.28 imsrg 1 0.692096
14 1 0.5 imsrg 1 1.11456
14 1 1 imsrg 1 1.958
14 2 0.1 imsrg 1 0.931849
14 2 0.28 imsrg 1 1.98937
14 2 0.5 imsrg 1 3.04876
14 2 1 imsrg 1 5.11009
14 3 0.1 imsrg 1 1.6694
14 3 0.28 imsrg 1 3.46927
14 3 0.5 imsrg 1 5.25704
14 3 1 imsrg 1 8.69614
6 1 0.28 imsrg+qpt2 1 0.706236
6 1 0.5 imsrg+qpt2 1 1.13774
6 1 1 imsrg+qpt2 1 1.99317
6 2 0.1 imsrg+qpt2 1 0.942879
6 2 0.28 imsrg+qpt2 1 2.02629
6 2 0.5 imsrg+qpt2 1 3.11001
6 2 1 imsrg+qpt2 1 5.20575
6 3 0.28 imsrg+qpt2 1 3.77891
6 3 0.5 imsrg+qpt2 1 5.56431
6 3 1 imsrg+qpt2 1 8.99512
7 1 0.28 imsrg+qpt2 1 0.706049
7 1 0.5 imsrg+qpt2 1 1.13666
7 1 1 imsrg+qpt2 1 1.9907
7 2 0.1 imsrg+qpt2 1 0.936072
7 2 0.28 imsrg+qpt2 1 2.02487
7 2 0.5 imsrg+qpt2 1 3.10578
7 2 1 imsrg+qpt2 1 5.19676
7 3 0.1 imsrg+qpt2 1 1.83317
7 3 0.28 imsrg+qpt2 1 3.62982
7 3 0.5 imsrg+qpt2 1 5.41102
7 3 1 imsrg+qpt2 1 8.85161
8 1 0.28 imsrg+qpt2 1 0.706006
8 1 0.5 imsrg+qpt2 1 1.13599
8 1 1 imsrg+qpt2 1 1.98908
8 2 0.1 imsrg+qpt2 1 0.94169
8 2 0.28 imsrg+qpt2 1 2.02442
8 2 0.5 imsrg+qpt2 1 3.10351
8 2 1 imsrg+qpt2 1 5.19148
8 3 0.28 imsrg+qpt2 1 3.56434
8 3 0.5 imsrg+qpt2 1 5.36724
8 3 1 imsrg+qpt2 1 8.82915
9 1 0.28 imsrg+qpt2 1 0.705973
9 1 0.5 imsrg+qpt2 1 1.1355
9 1 1 imsrg+qpt2 1 1.98789
9 2 0.1 imsrg+qpt2 1 0.942726
9 2 0.28 imsrg+qpt2 1 2.024
9 2 0.5 imsrg+qpt2 1 3.10199
9 2 1 imsrg+qpt2 1 5.18821
9 3 0.1 imsrg+qpt2 1 1.71026
9 3 0.28 imsrg+qpt2 1 3.52666
9 3 0.5 imsrg+qpt2 1 5.33805
9 3 1 imsrg+qpt2 1 8.81417
10 1 0.28 imsrg+qpt2 1 0.705967
10 1 0.5 imsrg+qpt2 1 1.13514
10 1 1 imsrg+qpt2 1 1.987
10 2 0.1 imsrg+qpt2 1 0.943325
10 2 0.28 imsrg+qpt2 1 2.02371
10 2 0.5 imsrg+qpt2 1 3.10094
10 2 1 imsrg+qpt2 1 5.18593
10 3 0.1 imsrg+qpt2 1 1.69136
10 3 0.28 imsrg+qpt2 1 3.52344
10 3 0.5 imsrg+qpt2 1 5.33517
10 3 1 imsrg+qpt2 1 8.80831
11 1 0.28 imsrg+qpt2 1 0.705964
11 1 0.5 imsrg+qpt2 1 1.13486
11 1 1 imsrg+qpt2 1 1.9863
11 2 0.1 imsrg+qpt2 1 0.943678
11 2 0.28 imsrg+qpt2 1 2.02349
11 2 0.5 imsrg+qpt2 1 3.10016
11 2 1 imsrg+qpt2 1 5.18426
11 3 0.1 imsrg+qpt2 1 1.69048
11 3 0.28 imsrg+qpt2 1 3.5216
11 3 0.5 imsrg+qpt2 1 5.3333
11 3 1 imsrg+qpt2 1 8.80433
12 1 0.28 imsrg+qpt2 1 0.705966
12 1 0.5 imsrg+qpt2 1 1.13464
12 1 1 imsrg+qpt2 1 1.98574
12 2 0.1 imsrg+qpt2 1 0.943921
12 2 0.28 imsrg+qpt2 1 2.02334
12 2 0.5 imsrg+qpt2 1 3.09957
12 2 1 imsrg+qpt2 1 5.18298
12 3 0.1 imsrg+qpt2 1 1.68961
12 3 0.28 imsrg+qpt2 1 3.52109
12 3 0.5 imsrg+qpt2 1 5.33202
12 3 1 imsrg+qpt2 1 8.80173
13 1 0.28 imsrg+qpt2 1 0.70597
13 1 0.5 imsrg+qpt2 1 1.13446
13 1 1 imsrg+qpt2 1 1.98528
13 2 0.1 imsrg+qpt2 1 0.944121
13 2 0.28 imsrg+qpt2 1 2.02323
13 2 0.5 imsrg+qpt2 1 3.0991
13 2 1 imsrg+qpt2 1 5.18196
13 3 0.1 imsrg+qpt2 1 1.69024
13 3 0.28 imsrg+qpt2 1 3.52069
13 3 0.5 imsrg+qpt2 1 5.33102
13 3 1 imsrg+qpt2 1 8.79975
14 1 0.28 imsrg+qpt2 1 0.705975
14 1 0.5 imsrg+qpt2 1 1.13431
14 1 1 imsrg+qpt2 1 1.9849
14 2 0.1 imsrg+qpt2 1 0.944284
14 2 0.28 imsrg+qpt2 1 2.02314
14 2 0.5 imsrg+qpt2 1 3.09872
14 2 1 imsrg+qpt2 1 5.18113
14 3 0.1 imsrg+qpt2 1 1.69046
14 3 0.28 imsrg+qpt2 1 3.5204
14 3 0.5 imsrg+qpt2 1 5.33026
14 3 1 imsrg+qpt2 1 8.79827
6 1 0.28 imsrg+qpt3 1 0.713384
6 1 0.5 imsrg+qpt3 1 1.14564
6 1 1 imsrg+qpt3 1 2.00078
6 2 0.1 imsrg+qpt3 1 0.948206
6 2 0.28 imsrg+qpt3 1 2.03902
6 2 0.5 imsrg+qpt3 1 3.12545
6 2 1 imsrg+qpt3 1 5.2213
6 3 0.28 imsrg+qpt3 1 3.79943
6 3 0.5 imsrg+qpt3 1 5.58483
6 3 1 imsrg+qpt3 1 9.01178
7 1 0.28 imsrg+qpt3 1 0.713004
7 1 0.5 imsrg+qpt3 1 1.14433
7 1 1 imsrg+qpt3 1 1.99813
7 2 0.1 imsrg+qpt3 1 0.941491
7 2 0.28 imsrg+qpt3 1 2.03718
7 2 0.5 imsrg+qpt3 1 3.12052
7 2 1 imsrg+qpt3 1 5.2117
7 3 0.1 imsrg+qpt3 1 1.84773
7 3 0.28 imsrg+qpt3 1 3.64897
7 3 0.5 imsrg+qpt3 1 5.42941
7 3 1 imsrg+qpt3 1 8.86675
8 1 0.28 imsrg+qpt3 1 0.712847
8 1 0.5 imsrg+qpt3 1 1.14353
8 1 1 imsrg+qpt3 1 1.99638
8 2 0.1 imsrg+qpt3 1 0.947409
8 2 0.28 imsrg+qpt3 1 2.03645
8 2 0.5 imsrg+qpt3 1 3.11783
8 2 1 imsrg+qpt3 1 5.20617
8 3 0.28 imsrg+qpt3 1 3.5804
8 3 0.5 imsrg+qpt3 1 5.38411
8 3 1 imsrg+qpt3 1 8.84432
9 1 0.28 imsrg+qpt3 1 0.71274
9 1 0.5 imsrg+qpt3 1 1.14295
9 1 1 imsrg+qpt3 1 1.99511
9 2 0.1 imsrg+qpt3 1 0.948453
9 2 0.28 imsrg+qpt3 1 2.03586
9 2 0.5 imsrg+qpt3 1 3.11606
9 2 1 imsrg+qpt3 1 5.20264
9 3 0.1 imsrg+qpt3 1 1.72032
9 3 0.28 imsrg+qpt3 1 3.54095
9 3 0.5 imsrg+qpt3 1 5.3541
9 3 1 imsrg+qpt3 1 8.82947
10 1 0.28 imsrg+qpt3 1 0.712681
10 1 0.5 imsrg+qpt3 1 1.14252
10 1 1 imsrg+qpt3 1 1.99416
10 2 0.1 imsrg+qpt3 1 0.949036
10 2 0.28 imsrg+qpt3 1 2.03544
10 2 0.5 imsrg+qpt3 1 3.11483
10 2 1 imsrg+qpt3 1 5.20019
10 3 0.1 imsrg+qpt3 1 1.70032
10 3 0.28 imsrg+qpt3 1 3.53752
10 3 0.5 imsrg+qpt3 1 5.35084
10 3 1 imsrg+qpt3 1 8.82332
11 1 0.28 imsrg+qpt3 1 0.712639
11 1 0.5 imsrg+qpt3 1 1.14219
11 1 1 imsrg+qpt3 1 1.99341
11 2 0.1 imsrg+qpt3 1 0.949391
11 2 0.28 imsrg+qpt3 1 2.03514
11 2 0.5 imsrg+qpt3 1 3.11393
11 2 1 imsrg+qpt3 1 5.1984
11 3 0.1 imsrg+qpt3 1 1.69936
11 3 0.28 imsrg+qpt3 1 3.53547
11 3 0.5 imsrg+qpt3 1 5.3487
11 3 1 imsrg+qpt3 1 8.8192
12 1 0.28 imsrg+qpt3 1 0.712612
12 1 0.5 imsrg+qpt3 1 1.14193
12 1 1 imsrg+qpt3 1 1.99281
12 2 0.1 imsrg+qpt3 1 0.94963
12 2 0.28 imsrg+qpt3 1 2.03492
12 2 0.5 imsrg+qpt3 1 3.11324
12 2 1 imsrg+qpt3 1 5.19702
12 3 0.1 imsrg+qpt3 1 1.69846
12 3 0.28 imsrg+qpt3 1 3.53481
12 3 0.5 imsrg+qpt3 1 5.34724
12 3 1 imsrg+qpt3 1 8.81643
13 1 0.28 imsrg+qpt3 1 0.712592
13 1 0.5 imsrg+qpt3 1 1.14172
13 1 1 imsrg+qpt3 1 1.99232
13 2 0.1 imsrg+qpt3 1 0.949832
13 2 0.28 imsrg+qpt3 1 2.03475
13 2 0.5 imsrg+qpt3 1 3.1127
13 2 1 imsrg+qpt3 1 5.19592
13 3 0.1 imsrg+qpt3 1 1.69911
13 3 0.28 imsrg+qpt3 1 3.5343
13 3 0.5 imsrg+qpt3 1 5.3461
13 3 1 imsrg+qpt3 1 8.81433
14 1 0.28 imsrg+qpt3 1 0.712578
14 1 0.5 imsrg+qpt3 1 1.14155
14 1 1 imsrg+qpt3 1 1.99192
14 2 0.1 imsrg+qpt3 1 0.949995
14 2 0.28 imsrg+qpt3 1 2.03463
14 2 0.5 imsrg+qpt3 1 3.11227
14 2 1 imsrg+qpt3 1 5.19503
14 3 0.1 imsrg+qpt3 1 1.6993
14 3 0.28 imsrg+qpt3 1 3.53393
14 3 0.5 imsrg+qpt3 1 5.34523
14 3 1 imsrg+qpt3 1 8.81275
