num_shells	num_filled	freq	method	energy	time
2	1	0.28	hf	1.2231915043956543
2	1	0.28	imsrg	1.089120636014893
2	1	0.28	mp2	1.1615291744638458
2	1	1.0	hf	3.2533141373155
2	1	1.0	imsrg	3.1435262250649876
2	1	1.0	mp2	3.1785615008970356
3	1	0.1	hf	0.5269027692025556
3	1	0.1	imsrg	0.3619268175095015
3	1	0.1	mp2	0.45765280713988277
3	1	0.28	hf	1.1417751550621273
3	1	0.28	imsrg	1.0027828892624737
3	1	0.28	mp2	1.0533395334956213
3	1	1.0	hf	3.1626913498665523
3	1	1.0	imsrg	3.0286675623615604
3	1	1.0	mp2	3.0579764308880852
3	2	1.0	hf	21.593198476322474
3	2	1.0	imsrg	21.41214118559367
3	2	1.0	mp2	21.4334405574435
4	1	0.1	hf	0.5269027692025556
4	1	0.1	imsrg	0.37229856749629797
4	1	0.1	mp2	0.4517759717034008
4	1	0.28	hf	1.1417751550621273
4	1	0.28	imsrg	1.001170835845693
4	1	0.28	mp2	1.0455184362643228
4	1	1.0	hf	3.1626913498896294
4	1	1.0	imsrg	3.0146440399830037
4	1	1.0	mp2	3.044403701407495
4	2	0.1	hf	4.019786731894965
4	2	0.1	imsrg	3.7788382716699056
4	2	0.1	mp2	3.855696864582681
4	2	0.28	hf	8.139718553343611
4	2	0.28	imsrg	7.839153839982337
4	2	0.28	mp2	7.904950843667198
4	2	1.0	hf	20.766919430634687
4	2	1.0	imsrg	20.40701328288802
4	2	1.0	mp2	20.4534793008618
4	3	1.0	hf	70.67384919441218
4	3	1.0	imsrg	70.29589755187156
4	3	1.0	mp2	70.31548500471612
5	1	0.28	hf	1.1417411136298858	4.7583e-05
5	1	0.28	imsrg	0.9989628290434878	2.86402
5	1	0.28	mp2	1.0396114098291427	4.97399e-06
5	1	1.0	hf	3.16192140174787	0.000336315
5	1	1.0	imsrg	3.0068057941895576	2.26653
5	1	1.0	mp2	3.0334184577874597	3.73501e-06
5	2	0.28	hf	8.095875657315048	4.8289e-05
5	2	0.28	imsrg	7.645603402377956	3.89155
5	2	0.28	mp2	7.788343390873854	7.88999e-06
5	2	1.0	hf	20.748402254251822	3.3445e-05
5	2	1.0	imsrg	20.300942613398263	2.71422
5	2	1.0	mp2	20.36753665111122	5.49399e-06
5	3	0.1	hf	14.098239166142301	5.0499e-05
5	3	0.1	imsrg	13.784292892897703	3.71003
5	3	0.1	mp2	13.835745861907167	1.1418e-05
5	3	0.28	hf	27.596111009760982	5.0559e-05
5	3	0.28	imsrg	27.176754899104868	3.12139
5	3	0.28	mp2	27.212292054886596	1.1229e-05
5	3	1.0	hf	67.56993023786576	0.000332628
5	3	1.0	imsrg	67.00566406119555	2.85022
5	3	1.0	mp2	67.02161189473557	7.71999e-06
6	1	0.28	hf	1.1417411136298858	5.2337e-05
6	1	0.28	imsrg	0.9982925908445504	12.0095
6	1	0.28	mp2	1.0351196318832032	8.69e-06
6	1	1.0	hf	3.16192140174787	0.000375409
6	1	1.0	imsrg	3.0027479025247827	9.34905
6	1	1.0	mp2	3.0270381153050017	8.562e-06
6	2	0.1	hf	3.8706165521424385	3.5741e-05
6	2	0.1	imsrg	3.4857729930747414	23.2881
6	2	0.1	mp2	3.61633697691258	1.0299e-05
6	2	0.28	hf	8.021955860580567	0.000317791
6	2	0.28	imsrg	7.5888578088228735	15.1526
6	2	0.28	mp2	7.683779812110695	1.4975e-05
6	2	1.0	hf	20.720257072708577	0.00033479
6	2	1.0	imsrg	20.242586442755744	10.988
6	2	1.0	mp2	20.302561264932542	1.0746e-05
6	3	0.28	hf	27.194899583992296	4.8589e-05
6	3	0.28	imsrg	26.498513734371784	16.2861
6	3	0.28	mp2	26.627466439204966	2.5897e-05
6	3	1.0	hf	67.29686928594298	5.0699e-05
6	3	1.0	imsrg	66.47444460055723	13.0018
6	3	1.0	mp2	66.54891526043535	2.811e-05
6	4	0.1	hf	35.57215695863601
6	4	0.1	imsrg	35.06704897020855
6	4	0.1	mp2	35.15723004010897
6	4	0.28	hf	67.90735739070792
6	4	0.28	imsrg	67.31050849687236
6	4	0.28	mp2	67.33546944286294
6	4	1.0	hf	161.3397206671294
6	4	1.0	imsrg	160.56698410226355
6	4	1.0	mp2	160.54522776046556
7	1	0.28	hf	1.1417172629191237	5.0076e-05
7	1	0.28	imsrg	0.9978255409239705	42.2828
7	1	0.28	mp2	1.0318275931836138	1.4255e-05
7	1	1.0	hf	3.1619090102451683	0.000338885
7	1	1.0	imsrg	3.0001424432618573	31.7399
7	1	1.0	mp2	3.02221260714284	1.0726e-05
7	2	0.1	hf	3.8631345006545605	3.7899e-05
7	2	0.1	imsrg	3.4812505569945102	80.3469
7	2	0.1	mp2	3.5926874534743813	1.9621e-05
7	2	0.28	hf	8.02057107328676	0.000305288
7	2	0.28	imsrg	7.583454232569367	50.8004
7	2	0.28	mp2	7.664137027319903	2.6224e-05
7	2	1.0	hf	20.720131534669118	0.000302004
7	2	1.0	imsrg	20.217418687876528	37.1686
7	2	1.0	mp2	20.274047608354234	1.918e-05
7	3	0.1	hf	13.270860531558295	5.0021e-05
7	3	0.1	imsrg	12.636660410397218	65.9458
7	3	0.1	mp2	12.802011255708313	4.8182e-05
7	3	0.28	hf	26.722531833868544	4.13e-05
7	3	0.28	imsrg	25.925142674455362	53.2563
7	3	0.28	mp2	26.054949488093065	3.9935e-05
7	3	1.0	hf	66.93474491642282	0.000320868
7	3	1.0	imsrg	65.99243949434846	43.057
7	3	1.0	mp2	66.06735665125801	3.5044e-05
7	4	0.28	hf	66.33661278550194
7	4	0.28	imsrg	65.35873201840968
7	4	0.28	mp2	65.43934145917412
7	4	1.0	hf	159.95872216889055
7	4	1.0	imsrg	158.7748509812013
7	4	1.0	mp2	158.79943214192807
7	5	0.28	hf	139.07303787944497
7	5	0.28	imsrg	138.26586599437337
7	5	0.28	mp2	138.2793780185728
7	5	1.0	hf	322.6846623153283
7	5	1.0	imsrg	321.67810250435974
7	5	1.0	mp2	321.62010019981153
8	1	0.28	hf	1.1417172629191237	0.000318338
8	1	0.28	imsrg	0.9975829520617562	124.093
8	1	0.28	mp2	1.0292311981611477	2.6636e-05
8	1	1.0	hf	3.1619090104416836	4.8966e-05
8	1	1.0	imsrg	2.9983715898606227	91.631
8	1	1.0	mp2	3.01859058063503	1.7551e-05
8	2	0.1	hf	3.8528798935552797	5.5358e-05
8	2	0.1	imsrg	3.490620933647526	207.206
8	2	0.1	mp2	3.5754203507876845	6.2279e-05
8	2	0.28	hf	8.019625257809643	0.000307849
8	2	0.28	imsrg	7.5802072282662545	146.64
8	2	0.28	mp2	7.649790885166423	4.7269e-05
8	2	1.0	hf	20.719248440081017	4.3245e-05
8	2	1.0	imsrg	20.201983927952824	109.947
8	2	1.0	mp2	20.25223504223603	3.2442e-05
8	3	0.28	hf	26.651148534667623	0.000309512
8	3	0.28	imsrg	25.742574913164002	170.584
8	3	0.28	mp2	25.900027745418296	6.2742e-05
8	3	1.0	hf	66.92309448174217	0.00032339
8	3	1.0	imsrg	65.91121247166285	128.194
8	3	1.0	mp2	65.98562048702013	9.24971e-05
8	4	0.1	hf	32.90760988092756
8	4	0.1	imsrg	32.11004980958241
8	4	0.1	mp2	32.222558134635754
8	4	0.28	hf	64.75479197429374
8	4	0.28	imsrg	63.6663679323828
8	4	0.28	mp2	63.758431325456826
8	4	1.0	hf	158.4001723310519
8	4	1.0	imsrg	156.96262116324223
8	4	1.0	mp2	157.0105968803893
8	5	1.0	hf	318.4354436415082
8	5	1.0	imsrg	316.85615671762935
8	5	1.0	mp2	316.79562137469657
8	6	1.0	hf	574.7947270252104
8	6	1.0	imsrg	573.5345984919701
8	6	1.0	mp2	573.4373297993991
9	1	0.28	hf	1.1417125796139904	6.15431e-05
9	1	0.28	imsrg	0.997425748461382	325.446
9	1	0.28	mp2	1.0271733254225075	4.4373e-05
9	1	1.0	hf	3.161908943432632	4.95841e-05
9	1	1.0	imsrg	2.997090801870449	234.792
9	1	1.0	mp2	3.015743448211153	3.4888e-05
9	2	0.1	hf	3.8525908541247826	6.8582e-05
9	2	0.1	imsrg	3.492507329769491	559.883
9	2	0.1	mp2	3.567396645652988	0.000120281
9	2	0.28	hf	8.019611071102515	0.000315225
9	2	0.28	imsrg	7.577959084473717	397.654
9	2	0.28	mp2	7.638667766972342	0.000121832
9	2	1.0	hf	20.71924817502896	0.000319995
9	2	1.0	imsrg	20.191486691782526	275.989
9	2	1.0	mp2	20.23667922122504	0.000114624
9	3	0.1	hf	13.000151223588313	0.000320457
9	3	0.1	imsrg	12.251542487040092	607.015
9	3	0.1	mp2	12.414097447582463	0.000192187
9	3	0.28	hf	26.559696912254047	5.0289e-05
9	3	0.28	imsrg	25.659981142136115	439.012
9	3	0.28	mp2	25.768865668917023	0.000161559
9	3	1.0	hf	66.91224417197728	6.12111e-05
9	3	1.0	imsrg	65.85944982445005	325.127
9	3	1.0	mp2	65.9253062833939	0.000166819
9	4	0.28	hf	64.30908782170387
9	4	0.28	imsrg	62.9466616838631
9	4	0.28	mp2	63.1126598797515
9	4	1.0	hf	158.2260300482401
9	4	1.0	imsrg	156.58073529566693
9	4	1.0	mp2	156.65718896958617
9	5	0.1	hf	68.01271888965287
9	5	0.1	imsrg	66.91278434529202
9	5	0.1	mp2	67.02692709904991
9	5	0.28	hf	131.15362710865313
9	5	0.28	imsrg	129.74635965082348
9	5	0.28	mp2	129.78902771413664
9	5	1.0	hf	314.08002684937424
9	5	1.0	imsrg	312.18902846988885
9	5	1.0	mp2	312.16670836665935
9	7	1.0	hf	943.1459911153559
9	7	1.0	imsrg	941.6160630612554
9	7	1.0	mp2	941.4745605201188
10	1	0.28	hf	1.1417125796139904	6.2092e-05
10	1	0.28	imsrg	0.9973248769739572	775.469
10	1	0.28	mp2	1.025500811116041	5.7864e-05
10	1	1.0	hf	3.161908943432632	7.8019e-05
10	1	1.0	imsrg	2.9961234400388674	566.739
10	1	1.0	mp2	3.01344668508486	7.161e-05
10	2	0.1	hf	3.8523927098122286	7.9538e-05
10	2	0.1	imsrg	3.4932961005470573	1358.6
10	2	0.1	mp2	3.5611346244173667	0.000195332
10	2	0.28	hf	8.019570964302	8.1299e-05
10	2	0.28	imsrg	7.576352368501351	934.671
10	2	0.28	mp2	7.629943155206533	0.000187926
10	2	1.0	hf	20.719217056438385	0.000317187
10	2	1.0	imsrg	20.184084510158797	658.087
10	2	1.0	mp2	20.224316940091004	0.000189846
10	3	0.1	hf	12.96987237222771	0.000308717
10	3	0.1	imsrg	12.213815327514443	1442.77
10	3	0.1	mp2	12.351906628421453	0.000303009
10	3	0.28	hf	26.55443169110841	0.000302293
10	3	0.28	imsrg	25.648402235174174	1009.33
10	3	0.28	mp2	25.73471350852759	0.000303701
10	3	1.0	hf	66.9120351319319	0.000321866
10	3	1.0	imsrg	65.82644806193642	758.337
10	3	1.0	mp2	65.88479301774808	0.000329877
10	4	0.1	hf	31.823086885660043
10	4	0.1	imsrg	30.702070162526788
10	4	0.1	mp2	30.907559637359125
10	4	0.28	hf	63.80561220356212
10	4	0.28	imsrg	62.35026032680066
10	4	0.28	mp2	62.500120271593076
10	4	1.0	hf	158.01766678457128
10	4	1.0	imsrg	156.27042351960787
10	4	1.0	mp2	156.33543616174393
10	5	0.28	hf	129.62464300179522
10	5	0.28	imsrg	127.84746017953574
10	5	0.28	mp2	127.92655189479525
10	5	1.0	hf	313.17073345660845
10	5	1.0	imsrg	310.88370957723043
10	5	1.0	mp2	310.9097872994006
10	6	1.0	hf	555.393205049303
10	6	1.0	imsrg	553.04380223321
10	6	1.0	mp2	552.9427461335251
11	1	0.28	hf	1.1417119960206252	0.000313415
11	1	0.28	imsrg	0.9972549561438571	1684.74
11	1	0.28	mp2	1.0241144110475122	0.00010127
11	1	1.0	hf	3.16190860901365	0.000309188
11	1	1.0	imsrg	2.995368553304228	1248.48
11	1	1.0	mp2	3.011562389516064	8.00859e-05
11	2	0.1	hf	3.85239085383425	0.000314902
11	2	0.1	imsrg	3.493984860121003	2843.71
11	2	0.1	mp2	3.5558775071550874	0.000239085
11	2	0.28	hf	8.01957087770659	9.6391e-05
11	2	0.28	imsrg	7.57519142187663	2018.49
11	2	0.28	mp2	7.622941255027149	0.000276007
11	2	1.0	hf	20.719215431730746	0.000309535
11	2	1.0	imsrg	20.178535715996347	1435.91
11	2	1.0	mp2	20.21445484165067	0.000273938
11	3	0.1	hf	12.933578294404988	8.3833e-05
11	3	0.1	imsrg	12.218495401543858	2977.05
11	3	0.1	mp2	12.30331642059479	0.000491555
11	3	0.28	hf	26.550044920189062	9.8301e-05
11	3	0.28	imsrg	25.640912580829166	2205.26
11	3	0.28	mp2	25.709210796831137	0.00048205
11	3	1.0	hf	66.91136453018214	9.45131e-05
11	3	1.0	imsrg	65.8034932452236	1662.49
11	3	1.0	mp2	65.8527623720197	0.000471316
11	4	0.1	hf	31.606556239481915
11	4	0.1	imsrg	30.268117799471575
11	4	0.1	mp2	30.579000392892024
11	4	0.28	hf	63.695332531637554
11	4	0.28	imsrg	62.13683574905838
11	4	0.28	mp2	62.29147847499537
11	4	1.0	hf	158.01027630012817
11	4	1.0	imsrg	156.19251079047072
11	4	1.0	mp2	156.2489953927696
11	5	0.1	hf	65.02427196853566
11	5	0.1	imsrg	63.62586153728569
11	5	0.1	mp2	63.762087672861256
11	5	0.28	hf	128.06393344994606
11	5	0.28	imsrg	126.13782396063121
11	5	0.28	mp2	126.24607666537473
11	5	1.0	hf	312.1390113713778
11	5	1.0	imsrg	309.6182227832148
11	5	1.0	mp2	309.65124813528655
11	6	1.0	hf	552.4724925700435
11	6	1.0	imsrg	549.5708005694911
11	6	1.0	mp2	549.486332603113
11	7	1.0	hf	906.165846059916
11	7	1.0	imsrg	903.3154471727736
11	7	1.0	mp2	903.137844812108
12	1	0.28	hf	1.1417119961877666	0.000309512
12	1	0.28	imsrg	0.9972049105623458	3450.63
12	1	0.28	mp2	1.022949846911767	0.000134449
12	1	1.0	hf	3.16190860901365	8.8222e-05
12	1	1.0	imsrg	2.9947634246166404	2557.83
12	1	1.0	mp2	3.009986724388934	0.000111768
12	2	0.1	hf	3.8523815305524463	0.000320033
12	2	0.1	imsrg	3.4943750959812823	5669.67
12	2	0.1	mp2	3.551577051957816	0.000349563
12	2	0.28	hf	8.01957008212735	0.000318997
12	2	0.28	imsrg	7.574309398381273	3974.32
12	2	0.28	mp2	7.617158193997368	0.000343794
12	2	1.0	hf	20.719215427064782	0.000318773
12	2	1.0	imsrg	20.174249099019075	2898.53
12	2	1.0	mp2	20.206357095484037	0.000338359
12	3	0.1	hf	12.92921525523881	9.40061e-05
12	3	0.1	imsrg	12.218193255451192	6085.42
12	3	0.1	mp2	12.284868292346877	0.000610833
12	3	0.28	hf	26.550035392912807	0.000311274
12	3	0.28	imsrg	25.636196033378187	4515.25
12	3	0.28	mp2	25.690666034933592	0.000621695
12	3	1.0	hf	66.91136401807958	0.00030031
12	3	1.0	imsrg	65.78624147939338	3471.54
12	3	1.0	mp2	65.82764925647868	0.000619639
12	4	0.1	hf	31.359746956613265
12	4	0.1	imsrg	30.108515440012322
12	4	0.1	mp2	30.293098881947962
12	4	0.28	hf	63.56726693850579
12	4	0.28	imsrg	62.01245943295314
12	4	0.28	mp2	62.111757897577526
12	4	1.0	hf	158.00495140552147
12	4	1.0	imsrg	156.13712949890885
12	4	1.0	mp2	156.18186528841363
12	5	0.28	hf	127.51618102176799
12	5	0.28	imsrg	125.32091717503691
12	5	0.28	mp2	125.47849004881608
12	5	1.0	hf	312.0104182176216
12	5	1.0	imsrg	309.3140699388652
12	5	1.0	mp2	309.3534946002996
12	6	0.28	hf	229.03349029961825
12	6	0.28	imsrg	226.63227576013452
12	6	0.28	mp2	226.66460605191642
12	6	1.0	hf	549.3883843222997
12	6	1.0	imsrg	546.1358169562226
12	6	1.0	mp2	546.0857293726593
13	1	0.28	hf	1.141711954866618	0.00010656
13	1	0.28	imsrg	0.9971675760466322	6645.92
13	1	0.28	mp2	1.021956707551853	0.000168314
13	1	1.0	hf	3.161908466430935	0.000126119
13	1	1.0	imsrg	2.9942683913775823	4799.78
13	1	1.0	mp2	3.008652311577643	0.000173378
13	2	0.1	hf	3.852381461374195	0.000110675
13	2	0.1	imsrg	3.494739908712267	11133.7
13	2	0.1	mp2	3.5479780953666857	0.000455633
13	2	0.28	hf	8.01956966717016	9.39079e-05
13	2	0.28	imsrg	7.573626172633364	7709.73
13	2	0.28	mp2	7.612324258656289	0.000454778
13	2	1.0	hf	20.719215072764975	8.9013e-05
13	2	1.0	imsrg	20.170833989642393	5737.72
13	2	1.0	mp2	20.199592933856483	0.00043902
13	3	0.1	hf	12.924947175368946	0.000315039
13	3	0.1	imsrg	12.220157092154125	12428.7
13	3	0.1	mp2	12.27136513329327	0.000835559
13	3	0.28	hf	26.55003087407229	0.000313337
13	3	0.28	imsrg	25.632622345193507	8495.82
13	3	0.28	mp2	25.675515660034797	0.000855325
13	3	1.0	hf	66.91132316567902	9.9462e-05
13	3	1.0	imsrg	65.77313763384846	6488.83
13	3	1.0	mp2	65.80693338986917	0.000846421
13	4	0.1	hf	31.280274247238843
13	4	0.1	imsrg	29.99942120471288
13	4	0.1	mp2	30.160367757448462
13	4	0.28	hf	63.55277266323023
13	4	0.28	imsrg	61.98835272367306
13	4	0.28	mp2	62.05642713439568
13	4	1.0	hf	158.00475662472974
13	4	1.0	imsrg	156.0968381975901
13	4	1.0	mp2	156.1302969273183
13	5	0.1	hf	63.531910032505955
13	5	0.1	imsrg	61.815192991459945
13	5	0.1	mp2	62.01985068780662
13	5	0.28	hf	126.91891377246293
13	5	0.28	imsrg	124.62695985095951
13	5	0.28	mp2	124.76141351596118
13	5	1.0	hf	311.8693642177653
13	5	1.0	imsrg	309.07419961417224
13	5	1.0	mp2	309.0960659716479
13	6	1.0	hf	548.6881143846326
13	6	1.0	imsrg	545.0729166034931
13	6	1.0	mp2	545.0569899885044
13	7	1.0	hf	892.082462772371
13	7	1.0	imsrg	888.1363403193087
13	7	1.0	mp2	887.9725418554111
14	1	0.28	hf	1.141711954866618	0.000299294
14	1	0.28	imsrg	0.9971390072521591	12243.1
14	1	0.28	mp2	1.0211007391492557	0.000190108
14	1	1.0	hf	3.161908466430935	0.000311139
14	1	1.0	imsrg	2.99385605293999	8939.8
14	1	1.0	mp2	3.0075077510494377	0.000191575
14	2	0.1	hf	3.852381060840645	0.000309595
14	2	0.1	imsrg	3.4950238575639454	21302.7
14	2	0.1	mp2	3.5449187302134035	0.000623733
14	2	0.28	hf	8.019569333302407	0.000108949
14	2	0.28	imsrg	7.573080997565052	14024.3
14	2	0.28	mp2	7.608218634027724	0.000609681
14	2	1.0	hf	20.71921476527758	8.1736e-05
14	2	1.0	imsrg	20.16805124141985	10559.4
14	2	1.0	mp2	20.19386630008164	0.000540674
14	3	0.1	hf	12.924756396514438	0.000305728
14	3	0.1	imsrg	12.22079836690592	21929.2
14	3	0.1	mp2	12.261434545116563	0.00108115
14	3	0.28	hf	26.550026617358377	0.000311997
14	3	0.28	imsrg	25.629855303288647	16033.1
14	3	0.28	mp2	25.662982138382937	0.00110258
14	3	1.0	hf	66.91132151317083	0.000101523
14	3	1.0	imsrg	65.76277941999116	12375.7
14	3	1.0	mp2	65.78973834835338	0.00112032
14	4	0.1	hf	31.190172857365596
14	4	0.1	imsrg	29.968475406189444
14	4	0.1	mp2	30.04931294915877
14	4	0.28	hf	63.53943836194596
14	4	0.28	imsrg	61.97232103474589
14	4	0.28	mp2	62.01350425417205
14	4	1.0	hf	158.00431698424592
14	4	1.0	imsrg	156.06651219532705
14	4	1.0	mp2	156.08812570329187
14	5	0.1	hf	63.16952917212341
14	5	0.1	imsrg	61.23944841818235
14	5	0.1	mp2	61.51507091599309
14	5	0.28	hf	126.74857265664693
14	5	0.28	imsrg	124.34520026073001
14	5	0.28	mp2	124.47203004719351
14	5	1.0	hf	311.8638871103354
14	5	1.0	imsrg	308.9924660599597
14	5	1.0	mp2	309.00066030165533
14	6	0.1	hf	114.64983444992119
14	6	0.1	imsrg	112.5309474053556
14	6	0.1	mp2	112.65185404638916
14	6	0.28	hf	225.64147479844365
14	6	0.28	imsrg	222.710177782758
14	6	0.28	mp2	222.79292045146886
14	6	1.0	hf	547.9074931868863
14	6	1.0	imsrg	544.0770450741365
14	6	1.0	mp2	544.0530371904473
14	7	1.0	hf	889.7654681455771
14	7	1.0	imsrg	885.2798284011855
14	7	1.0	mp2	885.1397272992749
15	1	0.28	hf	1.1417119545454528
15	1	0.28	imsrg	0.9971164771417742
15	1	0.28	mp2	1.0203553111025547
15	1	1.0	hf	3.1619084288605404
15	1	1.0	imsrg	2.9935076127661246
15	1	1.0	mp2	3.006515857256452
15	2	0.1	hf	3.852380936302795
15	2	0.1	imsrg	3.4952895530127757
15	2	0.1	mp2	3.5422921874824786
15	2	0.28	hf	8.019569235961756
15	2	0.28	imsrg	7.572637569032101
15	2	0.28	mp2	7.60468621992095
15	2	1.0	hf	20.719214747507095
15	2	1.0	imsrg	20.16574160360481
15	2	1.0	mp2	20.18895651151379
15	3	0.1	hf	12.924658735226831
15	3	0.1	imsrg	12.22118705844346
15	3	0.1	mp2	12.253146294782375
15	3	0.28	hf	26.550024932408114
15	3	0.28	imsrg	25.627661010985282
15	3	0.28	mp2	25.6524041844649
15	3	1.0	hf	66.91132136182122
15	3	1.0	imsrg	65.75440241689863
15	3	1.0	mp2	65.77518287132524
15	4	0.1	hf	31.16860419848128
15	4	0.1	imsrg	29.954615705694263
15	4	0.1	mp2	30.003225155332085
15	4	0.28	hf	63.53900655802117
15	4	0.28	imsrg	61.96452706229508
15	4	0.28	mp2	61.9864664474677
15	4	1.0	hf	158.00431481212576
15	4	1.0	imsrg	156.0424435077731
15	4	1.0	mp2	156.05334524859538
15	5	0.1	hf	62.77830844979631
15	5	0.1	imsrg	60.88550457556627
15	5	0.1	mp2	61.07662034809013
15	5	0.28	hf	126.5596814917315
15	5	0.28	imsrg	124.15328024456323
15	5	0.28	mp2	124.21725283315813
15	5	1.0	hf	311.8603985582427
15	5	1.0	imsrg	308.9306231887532
15	5	1.0	mp2	308.92354930338325
15	6	0.28	hf	224.9375245767668
15	6	0.28	imsrg	221.73226415089655
15	6	0.28	mp2	221.84545391023997
15	6	1.0	hf	547.8010210912266
15	6	1.0	imsrg	543.8093218729799
15	6	1.0	mp2	543.7782024994356
15	7	0.28	hf	370.0874169645669
15	7	0.28	imsrg	366.5165501380641
15	7	0.28	mp2	366.50004959495254
15	7	1.0	hf	887.3021307004698
15	7	1.0	imsrg	882.4608403126759
15	7	1.0	mp2	882.3427619475603
16	5	0.1	hf	62.610353556164675
16	5	0.1	imsrg	60.651698572683
16	5	0.1	mp2	60.82650387760514
16	5	0.28	hf	126.52569475493111
16	5	0.28	imsrg	124.10411665946745
16	5	0.28	mp2	124.12790488434007
16	5	1.0	hf	311.8602576439238
16	5	1.0	imsrg	308.88297468749806
16	5	1.0	mp2	308.86114086226416
16	6	0.1	hf	112.58697006964931
16	6	0.1	imsrg	110.15812289252858
16	6	0.1	mp2	110.32522627157749
16	6	0.28	hf	224.18949795091675
16	6	0.28	imsrg	220.8759092464811
16	6	0.28	mp2	220.96388546778593
16	6	1.0	hf	547.6912813104875
16	6	1.0	imsrg	543.5977587441181
16	6	1.0	mp2	543.5443713454677
16	7	1.0	hf	886.7047187214671
16	7	1.0	imsrg	881.5277999771681
16	7	1.0	mp2	881.4280494581417
17	5	0.1	hf	62.42657256167444
17	5	0.1	imsrg	60.53341332618779
17	5	0.1	mp2	60.612536243708405
17	5	0.28	hf	126.49266403452374
17	5	0.28	imsrg	124.07032801651584
17	5	0.28	mp2	124.0558126905172
17	5	1.0	imsrg	308.8452750729166
17	6	0.1	hf	112.01462274932642
17	6	0.1	imsrg	109.36129248738598
17	6	0.1	mp2	109.57844697192493
17	6	0.28	hf	223.92851071766498
17	6	0.28	imsrg	220.48431030742077
17	6	0.28	mp2	220.55850361240564
17	6	1.0	hf	547.6864073226396
17	6	1.0	imsrg	543.5095945027923
17	6	1.0	mp2	543.4381963583814
17	7	0.28	hf	366.15450610582695
17	7	0.28	imsrg	362.0448563051184
17	7	0.28	mp2	362.06118666746335
17	7	1.0	hf	886.0525173365543
17	7	1.0	imsrg	880.6705111992488
17	7	1.0	mp2	880.5515374815761
18	5	0.1	hf	62.360822674925146
18	5	0.1	imsrg	60.47090952753546
18	5	0.1	mp2	60.504390143084
18	5	0.28	hf	126.48984626110058
18	5	0.28	imsrg	124.05797598484995
18	5	0.28	mp2	124.01756402208188
18	5	1.0	hf	311.859981267087
18	5	1.0	imsrg	308.8143310316261
18	5	1.0	mp2	308.7641884756095
18	6	0.1	hf	111.41720933567245
18	6	0.1	imsrg	108.75913231635603
18	6	0.1	mp2	108.92979158411896
18	6	0.28	hf	223.64656535332273
18	6	0.28	imsrg	220.1886023826399
18	6	0.28	mp2	220.19349944460663
18	6	1.0	hf	547.6834026375711
18	6	1.0	imsrg	543.4402382260876
18	6	1.0	mp2	543.3500224564876
18	7	0.28	hf	365.23264803387474
18	7	0.28	imsrg	360.8369905957503
18	7	0.28	mp2	360.86729510532945
18	7	1.0	hf	885.9552834852595
18	7	1.0	imsrg	880.4160629084006
18	7	1.0	mp2	880.2809422086126
19	5	0.28	hf	126.48787015969455
19	5	0.28	imsrg	124.04841234344518
19	5	0.28	mp2	123.98574240696693
19	5	1.0	hf	311.8599475928778
19	5	1.0	imsrg	308.78882855091234
19	5	1.0	mp2	308.72573402596004
19	6	0.1	hf	111.10836126608503
19	6	0.1	imsrg	108.33717035983922
19	6	0.1	mp2	108.50429324618246
19	6	0.28	hf	223.5756485069956
19	6	0.28	imsrg	220.0921965745066
19	6	0.28	mp2	220.04887943764743
19	6	1.0	hf	547.6833205574692
19	6	1.0	imsrg	543.3850494525449
19	6	1.0	mp2	543.2767352794291
19	7	0.1	hf	183.48232113830747
19	7	0.1	imsrg	180.21565404579852
19	7	0.1	mp2	180.30704030961147
19	7	0.28	hf	364.27159518367074
19	7	0.28	imsrg	359.75118776523897
19	7	0.28	mp2	359.7599389196607
19	7	1.0	hf	885.8589982212317
19	7	1.0	imsrg	880.2123229511077
19	7	1.0	mp2	880.0506081202507
20	5	0.1	hf	62.27163858278267
20	5	0.1	imsrg	60.43190856070072
20	5	0.1	mp2	60.37220462703538
20	5	0.28	hf	126.48784085215662
20	5	0.28	imsrg	124.04105555629906
20	5	0.28	mp2	123.95919122729102
20	5	1.0	hf	311.8599460964578
20	5	1.0	imsrg	308.76737090447557
20	5	1.0	mp2	308.6922990618287
20	6	0.1	hf	110.77967751398694
20	6	0.1	imsrg	108.0603608498989
20	6	0.1	mp2	108.13497933880996
20	6	0.28	hf	223.50447886378777
20	6	0.28	imsrg	220.0227228866428
20	6	0.28	mp2	219.9269929071213
20	6	1.0	hf	547.6831612575019
20	6	1.0	imsrg	543.3399155004984
20	6	1.0	mp2	543.2139362629098
20	7	0.28	hf	363.8783772502573
20	7	0.28	imsrg	359.1996642668295
20	7	0.28	mp2	359.19157584764343
20	7	1.0	hf	885.8538693608093
20	7	1.0	imsrg	880.1163036346585
20	7	1.0	mp2	879.9325185627227
16	4	0.28	hf	63.5388085856
16	4	0.28	mp2	61.9639685851
16	4	0.28	imsrg	61.9585119691
17	4	0.28	hf	63.5388055526
17	4	0.28	mp2	61.9449069162
17	4	0.28	imsrg	61.9536871593
18	4	0.28	hf	63.5388004189
18	4	0.28	mp2	61.9285858537
18	4	0.28	imsrg	61.949739262
19	4	0.28	hf	63.5388003811
19	4	0.28	mp2	61.9144238561
19	4	0.28	imsrg	61.9464587718
20	4	0.28	hf	63.5387998337
20	4	0.28	mp2	61.9020153881
20	4	0.28	imsrg	61.9436860976
21	6	0.28	hf	223.493664408
21	6	0.28	mp2	219.870576805
21	6	0.28	imsrg	220.000957767
22	6	0.28	hf	223.484665875
22	6	0.28	mp2	219.823786223
22	6	0.28	imsrg	219.984270725
