num_shells num_filled freq ml p   label energy
          10          2  0.1  0   8 add   1.151935808725043
          10          2  0.1  0   1 rm    0.8914242634852666
          10          2  0.1  1  14 add   1.2125520558100507
          10          2  0.1  1   5 rm    0.9436196794958112
          10          2  0.1  2   7 add   1.1249367754360442
          10          2 0.28  0   8 add   2.3722463154873825
          10          2 0.28  0   1 rm    1.7328786157395102
          10          2 0.28  1  14 add   2.5674931613167287
          10          2 0.28  1   5 rm    1.912228184367656
          10          2 0.28  2   7 add   2.3210079392405607
          10          3  0.1  0  24 add   1.9201481756476075
          10          3  0.1  0   9 rm    1.6773130935185936
          10          3  0.1  1  14 add   1.8517613056450255
          10          3  0.1  1   5 rm    1.6183841497645695
          10          3  0.1  2  22 add   1.9187050406258348
          10          3  0.1  2  11 rm    1.6630489919649074
          10          3  1.0  0  24 add   10.143435681125364
          10          3  1.0  0   9 rm    8.207319270884426
          10          3  1.0  1  14 add   9.380150054508075
          10          3  1.0  1   5 rm    7.467765951752579
          10          3  1.0  2  22 add   10.107267226447107
          10          3  1.0  2  11 rm    8.137130157878095
          10          4  0.1  0  24 add   2.7367298570700886
          10          4  0.1  0   9 rm    2.4744393044239357
          10          4  0.1  1  34 add   2.79409031135959
          10          4  0.1  1  17 rm    2.5289925799946777
          10          4  0.1  2  22 add   2.7163847001972687
          10          4  0.1  2  11 rm    2.45751984325565
          10          4 0.28  0  24 add   5.36571964784791
          10          4 0.28  0   9 rm    4.816211411568314
          10          4 0.28  1  34 add   5.537685063659182
          10          4 0.28  1  17 rm    4.972007967314373
          10          4 0.28  2  22 add   5.33489591481118
          10          4 0.28  2  11 rm    4.7931508433521515
          11          2  0.1  0   8 add   1.1519035924665597
          11          2  0.1  0   1 rm    0.8913425504574638
          11          2  0.1  1  14 add   1.2125149710967575
          11          2  0.1  1   5 rm    0.9435569346092039
          11          2  0.1  2   7 add   1.1248691735578027
          11          3  0.1  0  24 add   1.905560756166331
          11          3  0.1  0   9 rm    1.6747238731843406
          11          3  0.1  1  14 add   1.8476413599600257
          11          3  0.1  1   5 rm    1.6161478502801727
          11          3  0.1  2  22 add   1.9051283623375117
          11          3  0.1  2  11 rm    1.6606496615074402
          11          3 0.28  0  24 add   3.942328203808292
          11          3 0.28  0   9 rm    3.3755062739743718
          11          3 0.28  1  14 add   3.756821781181141
          11          3 0.28  1   5 rm    3.1933339724298238
          11          3 0.28  2  22 add   3.932334465188171
          11          3 0.28  2  11 rm    3.3423445581753453
          11          3  1.0  0  24 add   10.143393959451059
          11          3  1.0  0   9 rm    8.20718008812335
          11          3  1.0  1  14 add   9.380034929072195
          11          3  1.0  1   5 rm    7.467505750646999
          11          3  1.0  2  22 add   10.107231755975992
          11          3  1.0  2  11 rm    8.136972484411883
          11          4  0.1  0  24 add   2.6859640058480836
          11          4  0.1  0   9 rm    2.4479121286312493
          11          4  0.1  1  34 add   2.4942432071334117
          11          4  0.1  1  17 rm    2.505178965159372
          11          4  0.1  2  22 add   2.6686187702072304
          11          4  0.1  2  11 rm    2.4347231146875767
          11          4 0.28  0  24 add   5.328919151394902
          11          4 0.28  0   9 rm    4.8103489191996545
          11          4 0.28  1  34 add   5.495694306228481
          11          4 0.28  1  17 rm    4.965883325101882
          11          4 0.28  2  22 add   5.303584916317366
          11          4 0.28  2  11 rm    4.7879108259122924
          11          4  1.0  0  24 add   13.088871631055502
          11          4  1.0  0   9 rm    11.317823055871507
          11          4  1.0  1  34 add   13.77176970501977
          11          4  1.0  1  17 rm    11.975387559040888
          11          4  1.0  2  22 add   13.03022484478199
          11          4  1.0  2  11 rm    11.265069129030278
          12          2  0.1  0   8 add   1.1518828770470453
          12          2  0.1  0   1 rm    0.8912817444606143
          12          2  0.1  1  14 add   1.2124895355281347
          12          2  0.1  1   5 rm    0.9435107249929078
          12          2  0.1  2   7 add   1.12481898371178
          12          2 0.28  0   8 add   2.372146501429152
          12          2 0.28  0   1 rm    1.7326658424879509
          12          2 0.28  1  14 add   2.5674042544835127
          12          2 0.28  1   5 rm    1.9120833036597704
          12          2 0.28  2   7 add   2.3208740971508366
          12          2  1.0  0   8 add   6.067731723668953
          12          2  1.0  0   1 rm    3.9458646271176434
          12          2  1.0  1  14 add   6.872844508421149
          12          2  1.0  1   5 rm    4.725442037829113
          12          2  1.0  2   7 add   5.970631371465036
          12          3  0.1  0  24 add   1.9040508012473967
          12          3  0.1  0   9 rm    1.6743911183483238
          12          3  0.1  1  14 add   1.8453610933384046
          12          3  0.1  1   5 rm    1.6157347015178072
          12          3  0.1  2  22 add   1.9037343695620408
          12          3  0.1  2  11 rm    1.660281721205741
          12          3 0.28  0  24 add   3.9421824453074614
          12          3 0.28  0   9 rm    3.375405951035764
          12          3 0.28  1  14 add   3.7566201951859344
          12          3 0.28  1   5 rm    3.1931784130001715
          12          3 0.28  2  22 add   3.9322129111906547
          12          3 0.28  2  11 rm    3.3422252018736436
          12          3  1.0  0  24 add   10.143360050684736
          12          3  1.0  0   9 rm    8.207046852044364
          12          3  1.0  1  14 add   9.379936996439634
          12          3  1.0  1   5 rm    7.467285682385788
          12          3  1.0  2  22 add   10.107201824655405
          12          3  1.0  2  11 rm    8.136826679756478
          12          4  0.1  0  24 add   2.6593121934234585
          12          4  0.1  0   9 rm    2.431977941606063
          12          4  0.1  1  34 add   2.713323007539933
          12          4  0.1  1  17 rm    2.4821799655194754
          12          4  0.1  2  22 add   2.644011825416224
          12          4  0.1  2  11 rm    2.422118153530348
          12          4 0.28  0  24 add   5.320213214079602
          12          4 0.28  0   9 rm    4.8049137011810075
          12          4 0.28  1  34 add   5.483783865659405
          12          4 0.28  1  17 rm    4.959224632265675
          12          4 0.28  2  22 add   5.296195995143279
          12          4 0.28  2  11 rm    4.782561194382087
          12          4  1.0  0  24 add   13.088576973213508
          12          4  1.0  0   9 rm    11.3174627457362
          12          4  1.0  1  34 add   13.759072957612934
          12          4  1.0  1  17 rm    11.975154976194945
          12          4  1.0  2  22 add   13.030000003717847
          12          4  1.0  2  11 rm    11.264693196920854
          13          2  0.1  0   8 add   1.1518676468027775
          13          2  0.1  0   1 rm    0.8912367055604807
          13          2  0.1  1  14 add   1.212466171665165
          13          2  0.1  1   5 rm    0.943475752186445
          13          2  0.1  2   7 add   1.124781046229711
          13          2 0.28  0   8 add   2.372113228825961
          13          2 0.28  0   1 rm    1.7325967232727897
          13          2 0.28  1  14 add   2.5673704115417495
          13          2 0.28  1   5 rm    1.912035662629141
          13          2 0.28  2   7 add   2.320828221179452
          13          2  1.0  0   8 add   6.067673383604745
          13          2  1.0  0   1 rm    3.94575886107363
          13          2  1.0  1  14 add   6.872803498665339
          13          2  1.0  1   5 rm    4.725375324939094
          13          2  1.0  2   7 add   5.970572556862529
          13          3  0.1  0  24 add   1.901734464906865
          13          3  0.1  0   9 rm    1.6741472230885706
          13          3  0.1  1  14 add   1.8449550951863647
          13          3  0.1  1   5 rm    1.6154860255649164
          13          3  0.1  2  22 add   1.9016638095359375
          13          3  0.1  2  11 rm    1.6600486873462905
          13          3 0.28  0  24 add   3.9420695633674603
          13          3 0.28  0   9 rm    3.3753271573457586
          13          3 0.28  1  14 add   3.7565493302123074
          13          3 0.28  1   5 rm    3.193059733833049
          13          3 0.28  2  22 add   3.9321261096986087
          13          3 0.28  2  11 rm    3.342134406268414
          13          3  1.0  0  24 add   10.143322053874565
          13          3  1.0  0   9 rm    8.206943490411916
          13          3  1.0  1  14 add   9.379843658048285
          13          3  1.0  1   5 rm    7.467117490717533
          13          3  1.0  2  22 add   10.107167298413009
          13          3  1.0  2  11 rm    8.136717159194019
          13          4  0.1  0  24 add   2.6408390555776786
          13          4  0.1  0   9 rm    2.4250097115878932
          13          4  0.1  1  34 add   2.7020373864094207
          13          4  0.1  1  17 rm    2.4758543500189023
          13          4  0.1  2  22 add   2.627741007817683
          13          4  0.1  2  11 rm    2.415657014022751
          13          4 0.28  0  24 add   5.314950299238651
          13          4 0.28  0   9 rm    4.804243876703758
          13          4 0.28  1  34 add   5.480448338995701
          13          4 0.28  1  17 rm    4.958579099310341
          13          4 0.28  2  22 add   5.292004543891381
          13          4 0.28  2  11 rm    4.78191802579189
          13          4  1.0  0  24 add   13.088417977986945
          13          4  1.0  0   9 rm    11.31722620124252
          13          4  1.0  1  34 add   13.75870413998819
          13          4  1.0  1  17 rm    11.975008024645334
          13          4  1.0  2  22 add   13.029846260078525
          13          4  1.0  2  11 rm    11.26444073870542
          14          2  0.1  0   8 add   1.1518566596476494
          14          2  0.1  0   1 rm    0.8912029442604201
          14          2  0.1  1  14 add   1.212447790815603
          14          2  0.1  1   5 rm    0.9434494256253498
          14          2  0.1  2   7 add   1.1247523922401597
          14          2 0.28  0   8 add   2.3720877534417135
          14          2 0.28  0   1 rm    1.7325442551338093
          14          2 0.28  1  14 add   2.5673429753502734
          14          2 0.28  1   5 rm    1.911999301292315
          14          2 0.28  2   7 add   2.3207927943041886
          14          2  1.0  0   8 add   6.067625240675118
          14          2  1.0  0   1 rm    3.945678049200262
          14          2  1.0  1  14 add   6.872768624983272
          14          2  1.0  1   5 rm    4.725324302810894
          14          2  1.0  2   7 add   5.97052433668328
          14          3  0.1  0  24 add   1.9016086446191514
          14          3  0.1  0   9 rm    1.6740872587288074
          14          3  0.1  1  14 add   1.8447920950960182
          14          3  0.1  1   5 rm    1.6154069833239406
          14          3  0.1  2  22 add   1.9015535319594559
          14          3  0.1  2  11 rm    1.6599796740240895
          14          3 0.28  0  24 add   3.9420158858010477
          14          3 0.28  0   9 rm    3.37526762666666
          14          3 0.28  1  14 add   3.7564940206671884
          14          3 0.28  1   5 rm    3.1929702031345886
          14          3 0.28  2  22 add   3.9320774911047525
          14          3 0.28  2  11 rm    3.342065564519782
          14          3  1.0  0  24 add   10.14328593112179
          14          3  1.0  0   9 rm    8.20685896070181
          14          3  1.0  1  14 add   9.37977011558929
          14          3  1.0  1   5 rm    7.4669850789691345
          14          3  1.0  2  22 add   10.107131222703405
          14          3  1.0  2  11 rm    8.136627042508062
          14          4  0.1  0  24 add   2.6327498447544344
          14          4  0.1  0   9 rm    2.420450208093646
          14          4  0.1  1  34 add   2.683575448564088
          14          4  0.1  1  17 rm    2.4698462867879045
          14          4  0.1  2  22 add   2.620665851589704
          14          4  0.1  2  11 rm    2.4113587246703414
          14          4 0.28  0  24 add   5.314216499443647
          14          4 0.28  0   9 rm    4.803672284296862
          14          4 0.28  1  34 add   5.476147712147379
          14          4 0.28  1  17 rm    4.957995431932853
          14          4 0.28  2  22 add   5.291316362760984
          14          4 0.28  2  11 rm    4.7813533402226875
          14          4  1.0  0  24 add   13.088309900387774
          14          4  1.0  0   9 rm    11.317031618939424
          14          4  1.0  1  34 add   13.758371048161077
          14          4  1.0  1  17 rm    11.9748909880468
          14          4  1.0  2  22 add   13.029731464995855
          14          4  1.0  2  11 rm    11.264236726782242
          15          2  0.1  0   8 add   1.1518485846415445
          15          2  0.1  0   1 rm    0.8911772934060225
          15          2  0.1  1  14 add   1.212433285293903
          15          2  0.1  1   5 rm    0.9434293638918266
          15          2  0.1  2   7 add   1.1247307379300626
          15          2 0.28  0   8 add   2.372068104879244
          15          2 0.28  0   1 rm    1.7325042750515767
          15          2 0.28  1  14 add   2.5673207846939214
          15          2 0.28  1   5 rm    1.9119715000573396
          15          2 0.28  2   7 add   2.320765512536296
          15          2  1.0  0   8 add   6.067587457794153
          15          2  1.0  0   1 rm    3.9456161964392162
          15          2  1.0  1  14 add   6.872736510541016
          15          2  1.0  1   5 rm    4.725284993554867
          15          2  1.0  2   7 add   5.970486926096883
          15          3  0.1  0  24 add   1.9014930492004463
          15          3  0.1  0   9 rm    1.674042027342384
          15          3  0.1  1  14 add   1.8447573170971094
          15          3  0.1  1   5 rm    1.6153486971075066
          15          3  0.1  2  22 add   1.9014596036212892
          15          3  0.1  2  11 rm    1.6599311656711222
          15          3 0.28  0  24 add   3.9419745404022852
          15          3 0.28  0   9 rm    3.3752217456151796
          15          3 0.28  1  14 add   3.7564525921224154
          15          3 0.28  1   5 rm    3.192901831211523
          15          3 0.28  2  22 add   3.9320398823082847
          15          3 0.28  2  11 rm    3.342012902311772
          15          3  1.0  0  24 add   10.143248988322002
          15          3  1.0  0   9 rm    8.206794018591776
          15          3  1.0  1  14 add   9.379704552201021
          15          3  1.0  1   5 rm    7.466884489938231
          15          3  1.0  2  22 add   10.10709649338453
          15          3  1.0  2  11 rm    8.136558791676906
          15          4  0.1  0  24 add   2.627598655778187
          15          4  0.1  0   9 rm    2.418978699800151
          15          4  0.1  1  34 add   2.6804186049357255
          15          4  0.1  1  17 rm    2.4685007542168766
          15          4  0.1  2  22 add   2.616383775438578
          15          4  0.1  2  11 rm    2.409979019942381
          15          4 0.28  0  24 add   5.313830158314884
          15          4 0.28  0   9 rm    4.803546195727371
          15          4 0.28  1  34 add   5.475883684584612
          15          4 0.28  1  17 rm    4.957898439853225
          15          4 0.28  2  22 add   5.291006279731878
          15          4 0.28  2  11 rm    4.781222078552713
          15          4  1.0  0  24 add   13.088219886753821
          15          4  1.0  0   9 rm    11.316873153629514
          15          4  1.0  1  34 add   13.758111194928567
          15          4  1.0  1  17 rm    11.974785634800368
          15          4  1.0  2  22 add   13.02963587615935
          15          4  1.0  2  11 rm    11.264070658144306
           7          2  0.1  0   8 add   1.1549880204719118
           7          2  0.1  0   1 rm    0.8924989625111839
           7          2  0.1  1  14 add   1.227284070943572
           7          2  0.1  1   5 rm    0.9445769770745792
           7          2  0.1  2   7 add   1.127011558148909
           7          2 0.28  0   8 add   2.372655997689451
           7          2 0.28  0   1 rm    1.7335671427328239
           7          2 0.28  1  14 add   2.573780028677708
           7          2 0.28  1   5 rm    1.9126700147215137
           7          2 0.28  2   7 add   2.3214688999827886
           7          2  1.0  0   8 add   6.068165641438318
           7          2  1.0  0   1 rm    3.9470053333452126
           7          2  1.0  1  14 add   6.873688146744516
           7          2  1.0  1   5 rm    4.7261006055136034
           7          2  1.0  2   7 add   5.971125181217746
           7          3  0.1  0  24 add   2.010808085473232
           7          3  0.1  0   9 rm    1.714636860697099
           7          3  0.1  1  14 add   1.9399070076476388
           7          3  0.1  1   5 rm    1.6499604114416189
           7          3  0.1  2  22 add   2.0066491084383102
           7          3  0.1  2  11 rm    1.6929842872128218
           7          3 0.28  0  24 add   4.02372858704271
           7          3 0.28  0   9 rm    3.3871326983167864
           7          3 0.28  1  14 add   3.8173363507862352
           7          3 0.28  1   5 rm    3.2029936591332415
           7          3 0.28  2  22 add   4.006036567855807
           7          3 0.28  2  11 rm    3.3530246386249885
           7          3  1.0  0  24 add   10.17773543241396
           7          3  1.0  0   9 rm    8.208063299241282
           7          3  1.0  1  14 add   9.402279017331194
           7          3  1.0  1   5 rm    7.467310932099218
           7          3  1.0  2  22 add   10.135876376847712
           7          3  1.0  2  11 rm    8.137986682392718
           7          4 0.28  0  24 add   5.707613573097904
           7          4 0.28  0   9 rm    5.053917152930411
           7          4 0.28  1  34 add   5.943627025643522
           7          4 0.28  1  17 rm    5.252175593095656
           7          4 0.28  2  22 add   5.650467749087511
           7          4 0.28  2  11 rm    5.023893426223265
           7          4  1.0  0  24 add   13.329648991949748
           7          4  1.0  0   9 rm    11.441294839060225
           7          4  1.0  1  34 add   14.762829095732839
           7          4  1.0  1  17 rm    12.13571285285072
           7          4  1.0  2  22 add   13.242089639462256
           7          4  1.0  2  11 rm    11.371205777551419
           8          2  0.1  0   8 add   1.1530183573806108
           8          2  0.1  0   1 rm    0.891684279824615
           8          2  0.1  1  14 add   1.213991918452354
           8          2  0.1  1   5 rm    0.9438153005271729
           8          2  0.1  2   7 add   1.1255923844451625
           8          2 0.28  0   8 add   2.3724494327715293
           8          2 0.28  0   1 rm    1.7332603972769662
           8          2 0.28  1  14 add   2.5676025582296083
           8          2 0.28  1   5 rm    1.9124814916993549
           8          2 0.28  2   7 add   2.3212224238824195
           8          2  1.0  0   8 add   6.068065415133093
           8          2  1.0  0   1 rm    3.9466922206852
           8          2  1.0  1  14 add   6.87301441797001
           8          2  1.0  1   5 rm    4.72593829235226
           8          2  1.0  2   7 add   5.971003107208105
           8          3  0.1  0  24 add   1.9770873760404664
           8          3  0.1  0   9 rm    1.6962879487313223
           8          3  0.1  1  14 add   1.8874263747152737
           8          3  0.1  1   5 rm    1.6324495369831735
           8          3  0.1  2  22 add   1.9727934538001095
           8          3  0.1  2  11 rm    1.6792840751003382
           8          3 0.28  0  24 add   3.9904245620222007
           8          3 0.28  0   9 rm    3.38168376188058
           8          3 0.28  1  14 add   3.7702119842505053
           8          3 0.28  1   5 rm    3.1990673489361563
           8          3 0.28  2  22 add   3.976014676427146
           8          3 0.28  2  11 rm    3.34823398675224
           8          3  1.0  0  24 add   10.159067671555402
           8          3  1.0  0   9 rm    8.207765272089816
           8          3  1.0  1  14 add   9.380842916697901
           8          3  1.0  1   5 rm    7.468539897694599
           8          3  1.0  2  22 add   10.120519786277335
           8          3  1.0  2  11 rm    8.137656514121876
           8          4  0.1  0  24 add   2.913501150532782
           8          4  0.1  0   9 rm    2.6018225369533607
           8          4  0.1  1  34 add   2.9787951081964765
           8          4  0.1  1  17 rm    2.663106356272123
           8          4  0.1  2  22 add   2.891379900023774
           8          4  0.1  2  11 rm    2.550988317123323
           8          4 0.28  0  24 add   5.549288171009639
           8          4 0.28  0   9 rm    4.892897745020779
           8          4 0.28  1  34 add   5.742000290628675
           8          4 0.28  1  17 rm    5.060659462562631
           8          4 0.28  2  22 add   5.508011642167798
           8          4 0.28  2  11 rm    4.857012508935625
           8          4  1.0  0  24 add   13.216219918787653
           8          4  1.0  0   9 rm    11.323675149070437
           8          4  1.0  1  34 add   13.943111526405266
           8          4  1.0  1  17 rm    11.991627349260646
           8          4  1.0  2  22 add   13.139488650453929
           8          4  1.0  2  11 rm    11.26981219024539
           9          2  0.1  0   8 add   1.1519935956813774
           9          2  0.1  0   1 rm    0.8915363470461224
           9          2  0.1  1  14 add   1.213383578118106
           9          2  0.1  1   5 rm    0.9437003734653385
           9          2  0.1  2   7 add   1.1250372496061385
           9          2 0.28  0   8 add   2.3723212857753264
           9          2 0.28  0   1 rm    1.7330413156020519
           9          2 0.28  1  14 add   2.567539524639814
           9          2 0.28  1   5 rm    1.912336228980126
           9          2 0.28  2   7 add   2.3211066693682953
           9          2  1.0  0   8 add   6.067975004968083
           9          2  1.0  0   1 rm    3.946408364429072
           9          2  1.0  1  14 add   6.872960923647489
           9          2  1.0  1   5 rm    4.725771046432796
           9          2  1.0  2   7 add   5.970899516744526
           9          3  0.1  0  24 add   1.9281982139262197
           9          3  0.1  0   9 rm    1.6803927052785463
           9          3  0.1  1  14 add   1.8649902548020376
           9          3  0.1  1   5 rm    1.6216281901596974
           9          3  0.1  2  22 add   1.9264145747046446
           9          3  0.1  2  11 rm    1.6658693520059267
           9          3 0.28  0  24 add   3.9498082252646407
           9          3 0.28  0   9 rm    3.3762131287091712
           9          3 0.28  1  14 add   3.7617737984260047
           9          3 0.28  1   5 rm    3.194162028128168
           9          3 0.28  2  22 add   3.938725867418124
           9          3 0.28  2  11 rm    3.3430663610035993
           9          3  1.0  0  24 add   10.14356505274121
           9          3  1.0  0   9 rm    8.207485735653746
           9          3  1.0  1  14 add   9.380373081476105
           9          3  1.0  1   5 rm    7.468075015866158
           9          3  1.0  2  22 add   10.107359582885177
           9          3  1.0  2  11 rm    8.137325182856216
           9          4 0.28  0  24 add   5.411272774053286
           9          4 0.28  0   9 rm    4.849438569405236
           9          4 0.28  1  34 add   5.546242517129707
           9          4 0.28  1  17 rm    5.020259828690573
           9          4 0.28  2  22 add   5.37781806141772
           9          4 0.28  2  11 rm    4.821948985539955
           9          4  1.0  0  24 add   13.105416917275823
           9          4  1.0  0   9 rm    11.325346396215894
           9          4  1.0  1  34 add   13.730817499145726
           9          4  1.0  1  17 rm    11.984512440713548
           9          4  1.0  2  22 add   13.044524910446047
           9          4  1.0  2  11 rm    11.272748187893624
