# num_shells num_filled freq ml p   label energy
          10          2  0.1  0   8 add   0.9707838907395311
          10          2  0.1  0   1 rm    0.7498203775340204
          10          2  0.1  1  14 add   1.029031172614667
          10          2  0.1  1   5 rm    0.7973570329441917
          10          2  0.1  2   7 add   0.9442139061909185
          10          2  0.2  0   8 add   1.6215917723915054
          10          2  0.2  0   1 rm    1.2073523097875383
          10          2  0.2  1  14 add   1.7487772758038935
          10          2  0.2  1   5 rm    1.3179546460132345
          10          2  0.2  2   7 add   1.578803944452678
          10          2  0.3  0   8 add   2.1967683504487594
          10          2  0.3  0   1 rm    1.5879339158187393
          10          2  0.3  1  14 add   2.3982472891800106
          10          2  0.3  1   5 rm    1.7690817328837196
          10          2  0.3  2   7 add   2.142479196576464
          10          2  0.4  0   8 add   2.7308233242497164
          10          2  0.4  0   1 rm    1.9265496568524378
          10          2  0.4  1  14 add   3.0098076325458143
          10          2  0.4  1   5 rm    2.1825776454081227
          10          2  0.4  2   7 add   2.6673243526978765
          10          2  0.5  0   8 add   3.2379790935964303
          10          2  0.5  0   1 rm    2.2376672176286885
          10          2  0.5  1  14 add   3.5967153258136757
          10          2  0.5  1   5 rm    2.57146998164983
          10          2  0.5  2   7 add   3.166652763793916
          10          2  0.6  0   8 add   3.725802098292399
          10          2  0.6  0   1 rm    2.5290162044744644
          10          2  0.6  1  14 add   4.165944540005625
          10          2  0.6  1   5 rm    2.9426599152692643
          10          2  0.6  2   7 add   3.647559262508448
          10          2  0.7  0   8 add   4.198792040589541
          10          2  0.7  0   1 rm    2.805185766563704
          10          2  0.7  1  14 add   4.721711624499181
          10          2  0.7  1   5 rm    3.300315256628236
          10          2  0.7  2   7 add   4.114336852059529
          10          2  0.8  0   8 add   4.659997449979403
          10          2  0.8  0   1 rm    3.0693025868785555
          10          2  0.8  1  14 add   5.266779573047542
          10          2  0.8  1   5 rm    3.6472006190540185
          10          2  0.8  2   7 add   4.569848784134308
          10          2  0.9  0   8 add   5.1115320627834215
          10          2  0.9  0   1 rm    3.323531145539349
          10          2  0.9  1  14 add   5.803082918905342
          10          2  0.9  1   5 rm    3.985250226905354
          10          2  0.9  2   7 add   5.016101679106988
          10          2  1.0  0   8 add   5.554945509798588
          10          2  1.0  0   1 rm    3.569458604169088
          10          2  1.0  1  14 add   6.332036296494644
          10          2  1.0  1   5 rm    4.315881905415143
          10          2  1.0  2   7 add   5.45456973497902
