# num_shells num_filled freq ml p   label energy
          10          5  1.0  0  25 rm    17.08763717544738
          10          5  1.0  0  48 add   19.716148654564602
          10          5  1.0  1  17 rm    16.33456646025879
          10          5  1.0  1  34 add   18.509814481953917
          10          5  1.0  2  27 rm    17.03846484236729
          10          5  1.0  2  46 add   19.645052676293083
          10          5 0.28  0  25 rm    7.354292351247299
          10          5 0.28  0  48 add   8.461680613100308
          10          5 0.28  1  17 rm    7.088369871773596
          10          5 0.28  1  34 add   8.055666202528602
          10          5 0.28  2  27 rm    7.3253537114899165
          10          5 0.28  2  46 add   8.427037097826918
          10          6  1.0  0  25 rm    21.56175885797962
          10          6  1.0  0  48 add   24.297928488856247
          10          6  1.0  1  37 rm    22.23268944545659
          10          6  1.0  1  62 add   25.040973362185916
          10          6  1.0  2  27 rm    21.472874874975783
          10          6  1.0  2  46 add   24.169102135131222
          11          5  0.1  0  25 rm    3.7411343355826454
          11          5  0.1  0  48 add   4.263644015514186
          11          5  0.1  1  17 rm    3.6778067879338394
          11          5  0.1  1  34 add   4.202484150230532
          11          5  0.1  2  27 rm    3.73092656814949
          11          5  0.1  2  46 add   4.254479664383284
          11          5  1.0  0  25 rm    16.867725817251266
          11          5  1.0  0  48 add   19.090940594058587
          11          5  1.0  1  17 rm    16.211285063851495
          11          5  1.0  1  34 add   18.380043249535507
          11          5  1.0  2  27 rm    16.840864117631
          11          5  1.0  2  46 add   19.049424150783526
          11          5 0.28  0  25 rm    7.127998559370626
          11          5 0.28  0  48 add   8.073921095704584
          11          5 0.28  1  17 rm    6.964889037119173
          11          5 0.28  1  34 add   7.886837460761669
          11          5 0.28  2  27 rm    7.115149346740029
          11          5 0.28  2  46 add   8.055406322835788
          11          6  1.0  0  25 rm    21.072587293187407
          11          6  1.0  0  48 add   23.433956366780652
          11          6  1.0  1  37 rm    21.931934551585705
          11          6  1.0  1  62 add   24.779912789352803
          11          6  1.0  2  27 rm    21.026035604330477
          11          6  1.0  2  46 add   23.34437172227698
          11          7  1.0  0  49 rm    27.82694402929236
          11          7  1.0  0  80 add   30.83209702158018
          11          7  1.0  1  37 rm    27.075632082802127
          11          7  1.0  1  62 add   30.02773775528399
          11          7  1.0  2  51 rm    27.718280928338274
          11          7  1.0  2  78 add   30.744557177393343
          12          5  1.0  0  25 rm    16.82519398090436
          12          5  1.0  0  48 add   19.069056364414877
          12          5  1.0  1  17 rm    16.156452887278597
          12          5  1.0  1  34 add   18.20829107779464
          12          5  1.0  2  27 rm    16.79695105173973
          12          5  1.0  2  46 add   19.025329485568363
          12          5 0.28  0  25 rm    7.033545049531758
          12          5 0.28  0  48 add   8.002954147476162
          12          5 0.28  1  17 rm    6.8402253660359795
          12          5 0.28  1  34 add   7.696582201789484
          12          5 0.28  2  27 rm    7.025165763519799
          12          5 0.28  2  46 add   7.98006998922123
          12          6  1.0  0  25 rm    20.865561393494605
          12          6  1.0  0  48 add   23.166230990914435
          12          6  1.0  1  37 rm    21.50110784163451
          12          6  1.0  1  62 add   23.85777750920792
          12          6  1.0  2  27 rm    20.84111249672417
          12          6  1.0  2  46 add   23.102014543115693
          12          6 0.28  0  25 rm    9.174206782364406
          12          6 0.28  0  48 add   10.179078896744898
          12          6 0.28  1  37 rm    9.356568109420465
          12          6 0.28  1  62 add   10.364342079868212
          12          6 0.28  2  27 rm    9.149650750417985
          12          6 0.28  2  46 add   10.15210976444805
          13          5  0.1  0  25 rm    3.556341530674811
          13          5  0.1  0  48 add   4.03382347878441
          13          5  0.1  1  17 rm    3.4942609717299082
          13          5  0.1  1  34 add   3.973817449260377
          13          5  0.1  2  27 rm    3.552042103798979
          13          5  0.1  2  46 add   4.024432553234104
          13          5  1.0  0  25 rm    16.783106487119714
          13          5  1.0  0  48 add   18.865857043290763
          13          5  1.0  1  17 rm    16.118277137550322
          13          5  1.0  1  34 add   18.181323047141092
          13          5  1.0  2  27 rm    16.751074705413263
          13          5  1.0  2  46 add   18.83361360899813
          13          5 0.28  0  25 rm    6.9358658006880605
          13          5 0.28  0  48 add   7.791095712893868
          13          5 0.28  1  17 rm    6.7698849105328565
          13          5 0.28  1  34 add   7.618837451304518
          13          5 0.28  2  27 rm    6.925276278338465
          13          5 0.28  2  46 add   7.773316115865322
          13          6  1.0  0  25 rm    20.71074395769884
          13          6  1.0  0  48 add   22.811815227107747
          13          6  1.0  1  37 rm    21.394864462808034
          13          6  1.0  1  62 add   23.782104994361422
          13          6  1.0  2  27 rm    20.690071711812017
          13          6  1.0  2  46 add   22.756355653962896
          13          7  1.0  0  49 rm    26.586136907925173
          13          7  1.0  0  80 add   29.114765050035697
          13          7  1.0  1  37 rm    25.92487151841443
          13          7  1.0  1  62 add   28.38829286358475
          13          7  1.0  2  51 rm    26.54713888623149
          13          7  1.0  2  78 add   29.070072974203498
          14          5  0.1  0  25 rm    3.487905745332862
          14          5  0.1  0  48 add   3.9817527477644057
          14          5  0.1  1  17 rm    3.4200492458919483
          14          5  0.1  1  34 add   3.885201891091551
          14          5  0.1  2  27 rm    3.4857136505186537
          14          5  0.1  2  46 add   3.9717087055941738
          14          5  1.0  0  25 rm    16.776031925989592
          14          5  1.0  0  48 add   18.864205952635245
          14          5  1.0  1  17 rm    16.111524162005754
          14          5  1.0  1  34 add   18.15220680789878
          14          5  1.0  2  27 rm    16.74426715397565
          14          5  1.0  2  46 add   18.832510221098296
          14          5 0.28  0  25 rm    6.887999174104246
          14          5 0.28  0  48 add   7.760161997820582
          14          5 0.28  1  17 rm    6.7184630800487355
          14          5 0.28  1  34 add   7.526056053612509
          14          5 0.28  2  27 rm    6.87997792072956
          14          5 0.28  2  46 add   7.744141222167245
          14          6  0.1  0  25 rm    4.6670971574682785
          14          6  0.1  0  48 add   5.1915997540685375
          14          6  0.1  1  37 rm    4.7289582613474295
          14          6  0.1  1  62 add   5.244201073217512
          14          6  0.1  2  27 rm    4.657828436234664
          14          6  0.1  2  46 add   5.176169768938528
          14          6  1.0  0  25 rm    20.62614457182011
          14          6  1.0  0  48 add   22.727039161615505
          14          6  1.0  1  37 rm    21.25198432611735
          14          6  1.0  1  62 add   23.375528328068203
          14          6  1.0  2  27 rm    20.59871789974345
          14          6  1.0  2  46 add   22.67119887704508
          14          6 0.28  0  25 rm    8.834878601328708
          14          6 0.28  0  48 add   9.750264633292144
          14          6 0.28  1  37 rm    8.991349102265955
          14          6 0.28  1  62 add   9.912693676681654
          14          6 0.28  2  27 rm    8.82334147877459
          14          6 0.28  2  46 add   9.71634763423436
          14          7  1.0  0  49 rm    26.37952415074281
          14          7  1.0  0  80 add   28.944642597294564
          14          7  1.0  1  37 rm    25.59151181229877
          14          7  1.0  1  62 add   27.80841062704321
          14          7  1.0  2  51 rm    26.344115417906853
          14          7  1.0  2  78 add   28.89540498047674
          15          5  0.1  0  25 rm    3.436524456658064
          15          5  0.1  0  48 add   3.888893496478028
          15          5  0.1  1  17 rm    3.3787882107378056
          15          5  0.1  1  34 add   3.838198453647112
          15          5  0.1  2  27 rm    3.4345121504560856
          15          5  0.1  2  46 add   3.8829010131868182
          15          5  1.0  0  25 rm    16.77091939440782
          15          5  1.0  0  48 add   18.832371935289373
          15          5  1.0  1  17 rm    16.106780583180058
          15          5  1.0  1  34 add   18.151102716587303
          15          5  1.0  2  27 rm    16.73956417572653
          15          5  1.0  2  46 add   18.803890977853033
          15          5 0.28  0  25 rm    6.848392612390805
          15          5 0.28  0  48 add   7.651625631407806
          15          5 0.28  1  17 rm    6.688793666200904
          15          5 0.28  1  34 add   7.496932858283239
          15          5 0.28  2  27 rm    6.840986539321565
          15          5 0.28  2  46 add   7.641226925040061
          15          6  1.0  0  25 rm    20.58723029349978
          15          6  1.0  0  48 add   22.60570293792472
          15          6  1.0  1  37 rm    21.22151331184727
          15          6  1.0  1  62 add   23.3590306454657
          15          6  1.0  2  27 rm    20.561846741361144
          15          6  1.0  2  46 add   22.560808416834075
          15          6 0.28  0  25 rm    8.715073863094343
          15          6 0.28  0  48 add   9.576639509673214
          15          6 0.28  1  37 rm    8.902537338977409
          15          6 0.28  1  62 add   9.842410615675217
          15          6 0.28  2  27 rm    8.706106926123537
          15          6 0.28  2  46 add   9.550262182463879
          15          7  1.0  0  49 rm    26.074842754414522
          15          7  1.0  0  80 add   28.302780129963597
          15          7  1.0  1  37 rm    25.443174230862258
          15          7  1.0  1  62 add   27.627706596139834
          15          7  1.0  2  51 rm    26.03983092013732
          15          7  1.0  2  78 add   28.263360238193435
          15          7 0.28  0  49 rm    11.315179278686578
          15          7 0.28  0  80 add   12.288264470617932
          15          7 0.28  1  37 rm    11.127422658570978
          15          7 0.28  1  62 add   12.104141954203838
          15          7 0.28  2  51 rm    11.290411013110578
          15          7 0.28  2  78 add   12.267964051217227
          16          5  0.1  0  25 rm    3.394390907130638
          16          5  0.1  0  48 add   3.8591741842622715
          16          5  0.1  1  17 rm    3.3379288301413688
          16          5  0.1  1  34 add   3.7800563779333527
          16          5  0.1  2  27 rm    3.394790063568779
          16          5  0.1  2  46 add   3.8529504087357243
          16          5  1.0  0  25 rm    16.768403692213703
          16          5  1.0  0  48 add   18.832710788420446
          16          5  1.0  1  17 rm    16.10424779412017
          16          5  1.0  1  34 add   18.150616957537235
          16          5  1.0  2  27 rm    16.73693258222677
          16          5  1.0  2  46 add   18.804337716889954
          16          5 0.28  0  25 rm    6.8371507254181445
          16          5 0.28  0  48 add   7.644811332616393
          16          5 0.28  1  17 rm    6.6777268314621105
          16          5 0.28  1  34 add   7.455894828898935
          16          5 0.28  2  27 rm    6.830426130015462
          16          5 0.28  2  46 add   7.634237648207891
          16          6  0.1  0  25 rm    4.48319604841736
          16          6  0.1  0  48 add   4.970125570212919
          16          6  0.1  1  37 rm    4.541975730860013
          16          6  0.1  1  62 add   5.022383029259036
          16          6  0.1  2  27 rm    4.478156766733566
          16          6  0.1  2  46 add   4.957751017936674
          16          6  1.0  0  25 rm    20.560856626155566
          16          6  1.0  0  48 add   22.585603692693027
          16          6  1.0  1  37 rm    21.191191273307386
          16          6  1.0  1  62 add   23.223258882135767
          16          6  1.0  2  27 rm    20.536195855282113
          16          6  1.0  2  46 add   22.543159246058643
          16          6 0.28  0  25 rm    8.648881808312437
          16          6 0.28  0  48 add   9.498700914611298
          16          6 0.28  1  37 rm    8.804967974854788
          16          6 0.28  1  62 add   9.653370783443824
          16          6 0.28  2  27 rm    8.64002662818614
          16          6 0.28  2  46 add   9.478210785562613
          16          7  1.0  0  49 rm    25.991318593274872
          16          7  1.0  0  80 add   28.244564495879583
          16          7  1.0  1  37 rm    25.326724386891815
          16          7  1.0  1  62 add   27.367057304164966
          16          7  1.0  2  51 rm    25.963099747795354
          16          7  1.0  2  78 add   28.208672933837782
          17          5  0.1  0  25 rm    3.3701947801645797
          17          5  0.1  0  48 add   3.8024209836200633
          17          5  0.1  1  17 rm    3.3195436698365524
          17          5  0.1  1  34 add   3.75608189703199
          17          5  0.1  2  27 rm    3.370911099649882
          17          5  0.1  2  46 add   3.7984202671957434
          17          5  1.0  0  25 rm    16.76652483512662
          17          5  1.0  0  48 add   18.832391046025162
          17          5  1.0  1  17 rm    16.102356893436845
          17          5  1.0  1  34 add   18.15104244857251
          17          5  1.0  2  27 rm    16.735037415559656
          17          5  1.0  2  46 add   18.804318738850373
          17          5 0.28  0  25 rm    6.829542380525997
          17          5 0.28  0  48 add   7.598583814984653
          17          5 0.28  1  17 rm    6.67051349396577
          17          5 0.28  1  34 add   7.44773022299907
          17          5 0.28  2  27 rm    6.822965098117418
          17          5 0.28  2  46 add   7.590662502438909
          17          6  0.1  0  25 rm    4.407503870105398
          17          6  0.1  0  48 add   4.87984408067217
          17          6  0.1  1  37 rm    4.475252932764826
          17          6  0.1  1  62 add   4.96784699533513
          17          6  0.1  2  27 rm    4.40214715132773
          17          6  0.1  2  46 add   4.868837971148566
          17          6  1.0  0  25 rm    20.555630136200563
          17          6  1.0  0  48 add   22.565122486538606
          17          6  1.0  1  37 rm    21.185809873602295
          17          6  1.0  1  62 add   23.22212952682832
          17          6  1.0  2  27 rm    20.530954485279217
          17          6  1.0  2  46 add   22.52430252481558
          17          6 0.28  0  25 rm    8.59071403420407
          17          6 0.28  0  48 add   9.404893783529763
          17          6 0.28  1  37 rm    8.755518368651115
          17          6 0.28  1  62 add   9.619498375554668
          17          6 0.28  2  27 rm    8.584008194909387
          17          6 0.28  2  46 add   9.386551580118569
          17          7  1.0  0  49 rm    25.88149179692738
          17          7  1.0  0  80 add   27.941757766663535
          17          7  1.0  1  37 rm    25.260518066292573
          17          7  1.0  1  62 add   27.302089519921577
          17          7  1.0  2  51 rm    25.85981833547773
          17          7  1.0  2  78 add   27.916728464405992
          17          7 0.28  0  49 rm    10.975286415313743
          17          7 0.28  0  80 add   11.882480393082966
          17          7 0.28  1  37 rm    10.81432255712967
          17          7 0.28  1  62 add   11.718656316995318
          17          7 0.28  2  51 rm    10.963217364687592
          17          7 0.28  2  78 add   11.871392730711753
          18          5  0.1  0  25 rm    3.3541117589433607
          18          5  0.1  0  48 add   3.7911624055210282
          18          5  0.1  1  17 rm    3.3050668297045367
          18          5  0.1  1  34 add   3.723687051527756
          18          5  0.1  2  27 rm    3.3558768193160375
          18          5  0.1  2  46 add   3.78669212850579
          18          5  1.0  0  25 rm    16.765111803771067
          18          5  1.0  0  48 add   18.832640054971378
          18          5  1.0  1  17 rm    16.10089960207375
          18          5  1.0  1  34 add   18.151330277745167
          18          5  1.0  2  27 rm    16.7335537084621
          18          5  1.0  2  46 add   18.804589859250086
          18          5 0.28  0  25 rm    6.828418487234833
          18          5 0.28  0  48 add   7.597821043625438
          18          5 0.28  1  17 rm    6.669435058110734
          18          5 0.28  1  34 add   7.437791050112574
          18          5 0.28  2  27 rm    6.821822726313215
          18          5 0.28  2  46 add   7.589872963804732
          18          6  0.1  0  25 rm    4.358096187508902
          18          6  0.1  0  48 add   4.825134762007443
          18          6  0.1  1  37 rm    4.4151579910961525
          18          6  0.1  1  62 add   4.87164048095712
          18          6  0.1  2  27 rm    4.354498677385115
          18          6  0.1  2  46 add   4.815398834891449
          18          6  1.0  0  25 rm    20.551904191918453
          18          6  1.0  0  48 add   22.564286271214677
          18          6  1.0  1  37 rm    21.181849685397445
          18          6  1.0  1  62 add   23.20136243987976
          18          6  1.0  2  27 rm    20.52713506877911
          18          6  1.0  2  46 add   22.52316146421872
          18          6 0.28  0  25 rm    8.55764753937816
          18          6 0.28  0  48 add   9.370873367715967
          18          6 0.28  1  37 rm    8.709395968436134
          18          6 0.28  1  62 add   9.512484819533102
          18          6 0.28  2  27 rm    8.550890198150332
          18          6 0.28  2  46 add   9.353123274238982
          18          7  1.0  0  49 rm    25.85807423844624
          18          7  1.0  0  80 add   27.929005976670886
          18          7  1.0  1  37 rm    25.230651120842612
          18          7  1.0  1  62 add   27.21224407584126
          18          7  1.0  2  51 rm    25.835760086734965
          18          7  1.0  2  78 add   27.90338248934998
          18          7 0.28  0  49 rm    10.88536644165253
          18          7 0.28  0  80 add   11.811328497654442
          18          7 0.28  1  37 rm    10.69478969822168
          18          7 0.28  1  62 add   11.555593828112723
          18          7 0.28  2  51 rm    10.87700839210323
          18          7 0.28  2  78 add   11.798857176114359
          19          5  1.0  0  25 rm    16.763972473370853
          19          5  1.0  0  48 add   18.83276084330484
          19          5  1.0  1  17 rm    16.099714450712874
          19          5  1.0  1  34 add   18.15161362079791
          19          5  1.0  2  27 rm    16.732369106230667
          19          5  1.0  2  46 add   18.80478148923095
          19          5 0.28  0  25 rm    6.827809176518066
          19          5 0.28  0  48 add   7.586969629225261
          19          5 0.28  1  17 rm    6.668604055137214
          19          5 0.28  1  34 add   7.437036535582078
          19          5 0.28  2  27 rm    6.8211597018076695
          19          5 0.28  2  46 add   7.580086451387293
          19          6  0.1  0  25 rm    4.3066577358467875
          19          6  0.1  0  48 add   4.761413020324887
          19          6  0.1  1  37 rm    4.367178885522215
          19          6  0.1  1  62 add   4.8357207568156735
          19          6  0.1  2  27 rm    4.304000766841576
          19          6  0.1  2  46 add   4.752512480635198
          19          6  1.0  0  25 rm    20.54975960533757
          19          6  1.0  0  48 add   22.563801295708345
          19          6  1.0  1  37 rm    21.179714179000648
          19          6  1.0  1  62 add   23.201585530378072
          19          6  1.0  2  27 rm    20.524942721062203
          19          6  1.0  2  46 add   22.522806132554077
          19          6 0.28  0  25 rm    8.539596916632963
          19          6 0.28  0  48 add   9.322788784352275
          19          6 0.28  1  37 rm    8.692281269673893
          19          6 0.28  1  62 add   9.50170196939393
          19          6 0.28  2  27 rm    8.5335513986731
          19          6 0.28  2  46 add   9.306926842078212
          19          7  0.1  0  49 rm    5.5922686461854845
          19          7  0.1  0  80 add   6.077794481650561
          19          7  0.1  1  37 rm    5.53216903919298
          19          7  0.1  1  62 add   6.025073047427061
          19          7  0.1  2  51 rm    5.588443860820808
          19          7  0.1  2  78 add   6.073510368414649
          19          7  1.0  0  49 rm    25.834863919756234
          19          7  1.0  0  80 add   27.82657620327061
          19          7  1.0  1  37 rm    25.210581340839408
          19          7  1.0  1  62 add   27.197035665563643
          19          7  1.0  2  51 rm    25.81142870244571
          19          7  1.0  2  78 add   27.80531337337087
          19          7 0.28  0  49 rm    10.78462454204735
          19          7 0.28  0  80 add   11.632779958174662
          19          7 0.28  1  37 rm    10.628730940137547
          19          7 0.28  1  62 add   11.476961017457084
          19          7 0.28  2  51 rm    10.776642979250113
          19          7 0.28  2  78 add   11.62215354441542
          20          5  0.1  0  25 rm    3.34257158781388
          20          5  0.1  0  48 add   3.7524684303187086
          20          5  0.1  1  17 rm    3.2951258621557193
          20          5  0.1  1  34 add   3.696939456779796
          20          5  0.1  2  27 rm    3.3444964029476494
          20          5  0.1  2  46 add   3.749640339657866
          20          5  1.0  0  25 rm    16.76306368381328
          20          5  1.0  0  48 add   18.832907526424474
          20          5  1.0  1  17 rm    16.098740749494404
          20          5  1.0  1  34 add   18.151813589914205
          20          5  1.0  2  27 rm    16.731413066426946
          20          5  1.0  2  46 add   18.804935290468354
          20          5 0.28  0  25 rm    6.82755723784335
          20          5 0.28  0  48 add   7.586889797110136
          20          5 0.28  1  17 rm    6.66830488107126
          20          5 0.28  1  34 add   7.436117975966406
          20          5 0.28  2  27 rm    6.820884511065971
          20          5 0.28  2  46 add   7.580017550521424
          20          6  0.1  0  25 rm    4.277561448068327
          20          6  0.1  0  48 add   4.728087848494971
          20          6  0.1  1  37 rm    4.330407369250225
          20          6  0.1  1  62 add   4.771029359351305
          20          6  0.1  2  27 rm    4.276194823229241
          20          6  0.1  2  46 add   4.719805412921165
          20          6  1.0  0  25 rm    20.548097061629996
          20          6  1.0  0  48 add   22.5641112489346
          20          6  1.0  1  37 rm    21.178082187096635
          20          6  1.0  1  62 add   23.201369258194507
          20          6  1.0  2  27 rm    20.523248053297912
          20          6  1.0  2  46 add   22.523012249359923
          20          6 0.28  0  25 rm    8.528508737358132
          20          6 0.28  0  48 add   9.310384245819565
          20          6 0.28  1  37 rm    8.67901519772188
          20          6 0.28  1  62 add   9.448683444852241
          20          6 0.28  2  27 rm    8.522421303991427
          20          6 0.28  2  46 add   9.294505578996112
          20          7  1.0  0  49 rm    25.830211482768714
          20          7  1.0  0  80 add   27.825384024125647
          20          7  1.0  1  37 rm    25.20610372807539
          20          7  1.0  1  62 add   27.18114512285752
          20          7  1.0  2  51 rm    25.80694121840021
          20          7  1.0  2  78 add   27.804338337324765
          20          7 0.28  0  49 rm    10.730871988979885
          20          7 0.28  0  80 add   11.59398425504181
          20          7 0.28  1  37 rm    10.56322288672166
          20          7 0.28  1  62 add   11.38032638571502
          20          7 0.28  2  51 rm    10.724666888911205
          20          7 0.28  2  78 add   11.584223657684724
