num_shells num_filled freq ml p   label energy
          10          2  0.1  0   8 add   1.0291961698794228
          10          2  0.1  0   1 rm    0.76383415861456
          10          2  0.1  1  14 add   1.101615151283364
          10          2  0.1  1   5 rm    0.8076323023286925
          10          2  0.1  2   7 add   1.0489712846948798
          10          2  1.0  0   8 add   6.031560873172621
          10          2  1.0  0   1 rm    4.368973234419788
          10          2  1.0  1  14 add   6.769477095214813
          10          2  1.0  1   5 rm    4.863573621955595
          10          2  1.0  2   7 add   5.941473064129279
          10          3  0.1  0  24 add   1.6396820328855588
          10          3  0.1  0   9 rm    1.352659705558312
          10          3  0.1  1  14 add   1.5601636920333708
          10          3  0.1  1   5 rm    1.3205672126938917
          10          3  0.1  2  22 add   1.6183771149324495
          10          3  0.1  2  11 rm    1.3678979920914747
          10          3  1.0  0  24 add   9.685976682696548
          10          3  1.0  0   9 rm    7.965847247545352
          10          3  1.0  1  14 add   8.973228290955158
          10          3  1.0  1   5 rm    7.4508113207379285
          10          3  1.0  2  22 add   9.60439526508986
          10          3  1.0  2  11 rm    7.914293250720093
          10          4  0.1  0  24 add   2.364732282359807
          10          4  0.1  0   9 rm    2.105802775695851
          10          4  0.1  1  34 add   2.435294304725572
          10          4  0.1  1  17 rm    2.1502896745946427
          10          4  0.1  2  22 add   2.351921733703914
          10          4  0.1  2  11 rm    2.1089895354147807
          10          4  1.0  0  24 add   12.134563923004013
          10          4  1.0  0   9 rm    10.656185192536613
          10          4  1.0  1  34 add   12.781674851328454
          10          4  1.0  1  17 rm    11.143827193957888
          10          4  1.0  2  22 add   12.081998733039386
          10          4  1.0  2  11 rm    10.620202499856783
          11          2  0.1  0   8 add   1.0324003642919666
          11          2  0.1  0   1 rm    0.7644588101084797
          11          2  0.1  1  14 add   1.1032142617861582
          11          2  0.1  1   5 rm    0.8081473472339616
          11          2  0.1  2   7 add   1.0520147517389782
          11          2  1.0  0   8 add   6.030942199076104
          11          2  1.0  0   1 rm    4.36558434423404
          11          2  1.0  1  14 add   6.7690627481226
          11          2  1.0  1   5 rm    4.861912345716133
          11          2  1.0  2   7 add   5.940462627332791
          11          3  0.1  0  24 add   1.6296009319656037
          11          3  0.1  0   9 rm    1.3666220501181339
          11          3  0.1  1  14 add   1.5602531763804672
          11          3  0.1  1   5 rm    1.3284275900686602
          11          3  0.1  2  22 add   1.6173568898774422
          11          3  0.1  2  11 rm    1.3739550262588327
          11          3 0.28  0  24 add   3.566380147231791
          11          3 0.28  0   9 rm    3.033227362417765
          11          3 0.28  1  14 add   3.3834648109888965
          11          3 0.28  1   5 rm    2.907657641151029
          11          3 0.28  2  22 add   3.5394391336738154
          11          3 0.28  2  11 rm    3.0206978019262842
          11          3  1.0  0  24 add   9.68505174797992
          11          3  1.0  0   9 rm    7.9621516308898155
          11          3  1.0  1  14 add   8.970882144948598
          11          3  1.0  1   5 rm    7.444391265128483
          11          3  1.0  2  22 add   9.605771353155609
          11          3  1.0  2  11 rm    7.9104054219048345
          11          4  1.0  0  24 add   12.072211731741325
          11          4  1.0  0   9 rm    10.63269495566519
          11          4  1.0  1  34 add   12.70924966696905
          11          4  1.0  1  17 rm    11.126246801339581
          11          4  1.0  2  22 add   12.02152213766932
          11          4  1.0  2  11 rm    10.597640823717411
          12          2  0.1  0   8 add   1.0339216681204082
          12          2  0.1  0   1 rm    0.7646629987561886
          12          2  0.1  1  14 add   1.1052278322286773
          12          2  0.1  1   5 rm    0.8084267976331588
          12          2  0.1  2   7 add   1.0534830688695682
          12          2 0.28  0   8 add   2.252635355367758
          12          2 0.28  0   1 rm    1.7116027043510245
          12          2 0.28  1  14 add   2.4443499654524197
          12          2 0.28  1   5 rm    1.8322604914842244
          12          2 0.28  2   7 add   2.230485716360688
          12          2  1.0  0   8 add   6.030519629919169
          12          2  1.0  0   1 rm    4.362962470192519
          12          2  1.0  1  14 add   6.768994158478063
          12          2  1.0  1   5 rm    4.860629063552797
          12          2  1.0  2   7 add   5.939756776775205
          12          3  0.1  0  24 add   1.6244970775183762
          12          3  0.1  0   9 rm    1.364880274748471
          12          3  0.1  1  14 add   1.5630317464189407
          12          3  0.1  1   5 rm    1.3267049145556533
          12          3  0.1  2  22 add   1.6122694475145367
          12          3  0.1  2  11 rm    1.3715506430419626
          12          3 0.28  0  24 add   3.567049494369195
          12          3 0.28  0   9 rm    3.032693539707007
          12          3 0.28  1  14 add   3.385319731366497
          12          3 0.28  1   5 rm    2.9067023983570506
          12          3 0.28  2  22 add   3.540486315726113
          12          3 0.28  2  11 rm    3.0199234120810745
          12          3  1.0  0  24 add   9.684258261523258
          12          3  1.0  0   9 rm    7.959676094231802
          12          3  1.0  1  14 add   8.96953711528498
          12          3  1.0  1   5 rm    7.439817039697637
          12          3  1.0  2  22 add   9.60551275350537
          12          3  1.0  2  11 rm    7.90758340898153
          12          4  0.1  0  24 add   2.20268396568164
          12          4  0.1  0   9 rm    1.9588810309004185
          12          4  0.1  1  34 add   2.273171033818194
          12          4  0.1  1  17 rm    2.006888917365261
          12          4  0.1  2  22 add   2.1892879645734897
          12          4  0.1  2  11 rm    1.9590623391915112
          12          4 0.28  0  24 add   4.601277075496923
          12          4 0.28  0   9 rm    4.1418146862284475
          12          4 0.28  1  34 add   4.768589273512239
          12          4 0.28  1  17 rm    4.260959956656195
          12          4 0.28  2  22 add   4.582795441448336
          12          4 0.28  2  11 rm    4.133597800439991
          12          4  1.0  0  24 add   12.062866383091412
          12          4  1.0  0   9 rm    10.617293869067526
          12          4  1.0  1  34 add   12.697609574126552
          12          4  1.0  1  17 rm    11.113305371357916
          12          4  1.0  2  22 add   12.009031705086192
          12          4  1.0  2  11 rm    10.582476781799885
          13          2  0.1  0   8 add   1.0353142027631554
          13          2  0.1  0   1 rm    0.7649773044427914
          13          2  0.1  1  14 add   1.1064445655932515
          13          2  0.1  1   5 rm    0.8086856907630805
          13          2  0.1  2   7 add   1.0546856856428333
          13          2 0.28  0   8 add   2.2534409021315165
          13          2 0.28  0   1 rm    1.7113580308060423
          13          2 0.28  1  14 add   2.445108290629428
          13          2 0.28  1   5 rm    1.8321450976761737
          13          2 0.28  2   7 add   2.2311534813219027
          13          2  1.0  0   8 add   6.030257890308814
          13          2  1.0  0   1 rm    4.360891059687889
          13          2  1.0  1  14 add   6.76894763043016
          13          2  1.0  1   5 rm    4.859612581025304
          13          2  1.0  2   7 add   5.939273297627392
          13          3  0.1  0  24 add   1.6258179269137025
          13          3  0.1  0   9 rm    1.3671132416233103
          13          3  0.1  1  14 add   1.5643249492214413
          13          3  0.1  1   5 rm    1.3280795466918687
          13          3  0.1  2  22 add   1.6166590228879185
          13          3  0.1  2  11 rm    1.3730407082323308
          13          3 0.28  0  24 add   3.5689529095972317
          13          3 0.28  0   9 rm    3.0323074487596666
          13          3 0.28  1  14 add   3.386117024100668
          13          3 0.28  1   5 rm    2.906015813629306
          13          3 0.28  2  22 add   3.543193962253572
          13          3 0.28  2  11 rm    3.0194114494373916
          13          3  1.0  0  24 add   9.683725064399654
          13          3  1.0  0   9 rm    7.957778155047882
          13          3  1.0  1  14 add   8.968394480930444
          13          3  1.0  1   5 rm    7.436392037087181
          13          3  1.0  2  22 add   9.605539754955757
          13          3  1.0  2  11 rm    7.905482067326358
          13          4  0.1  0  24 add   2.1507534956840124
          13          4  0.1  0   9 rm    1.905890284268131
          13          4  0.1  1  34 add   2.2161714674922246
          13          4  0.1  1  17 rm    1.955068564057891
          13          4  0.1  2  22 add   2.136841148525333
          13          4  0.1  2  11 rm    1.9119165436078052
          13          4 0.28  0  24 add   4.572379766879328
          13          4 0.28  0   9 rm    4.126563304420195
          13          4 0.28  1  34 add   4.740677298455772
          13          4 0.28  1  17 rm    4.248261011980489
          13          4 0.28  2  22 add   4.553591921745556
          13          4 0.28  2  11 rm    4.119413981622148
          13          4  1.0  0  24 add   12.05895336284605
          13          4  1.0  0   9 rm    10.610838820969603
          13          4  1.0  1  34 add   12.696323214591551
          13          4  1.0  1  17 rm    11.109055486983765
          13          4  1.0  2  22 add   12.005350243687722
          13          4  1.0  2  11 rm    10.575722686814537
          14          2  0.1  0   8 add   1.0364868395777864
          14          2  0.1  0   1 rm    0.7651591870115868
          14          2  0.1  1  14 add   1.1074635847986616
          14          2  0.1  1   5 rm    0.8088849496184242
          14          2  0.1  2   7 add   1.0557338505966618
          14          2 0.28  0   8 add   2.254159107479165
          14          2 0.28  0   1 rm    1.7111576927868741
          14          2 0.28  1  14 add   2.4457952293364396
          14          2 0.28  1   5 rm    1.8320590385346163
          14          2 0.28  2   7 add   2.2317559848446247
          14          2  1.0  0   8 add   6.0300921288194305
          14          2  1.0  0   1 rm    4.359205875924045
          14          2  1.0  1  14 add   6.768985617771702
          14          2  1.0  1   5 rm    4.858786647281045
          14          2  1.0  2   7 add   5.938933049827256
          14          3  0.1  0  24 add   1.6276829733112563
          14          3  0.1  0   9 rm    1.3676136935953997
          14          3  0.1  1  14 add   1.5701041161788825
          14          3  0.1  1   5 rm    1.3284495828322742
          14          3  0.1  2  22 add   1.618630684521559
          14          3  0.1  2  11 rm    1.3732736726705423
          14          3 0.28  0  24 add   3.5697644693009143
          14          3 0.28  0   9 rm    3.032009868622643
          14          3 0.28  1  14 add   3.3870288919685376
          14          3 0.28  1   5 rm    2.905491993676505
          14          3 0.28  2  22 add   3.5442715389936073
          14          3 0.28  2  11 rm    3.0190068482105703
          14          3  1.0  0  24 add   9.683190697812762
          14          3  1.0  0   9 rm    7.956336511475278
          14          3  1.0  1  14 add   8.967642501774861
          14          3  1.0  1   5 rm    7.4337490867086
          14          3  1.0  2  22 add   9.605420164166361
          14          3  1.0  2  11 rm    7.903856904567125
          14          4  0.1  0  24 add   2.1251624011002774
          14          4  0.1  0   9 rm    1.90018465608427
          14          4  0.1  1  34 add   2.185475055418569
          14          4  0.1  1  17 rm    1.944463602901383
          14          4  0.1  2  22 add   2.1116582873475287
          14          4  0.1  2  11 rm    1.9035695495192315
          14          4 0.28  0  24 add   4.562431918658561
          14          4 0.28  0   9 rm    4.119355299277261
          14          4 0.28  1  34 add   4.721638042902158
          14          4 0.28  1  17 rm    4.239570738174067
          14          4 0.28  2  22 add   4.543706574724623
          14          4 0.28  2  11 rm    4.112102368099382
          14          4  1.0  0  24 add   12.057191848319288
          14          4  1.0  0   9 rm    10.606346346801036
          14          4  1.0  1  34 add   12.696128983512962
          14          4  1.0  1  17 rm    11.106120580200006
          14          4  1.0  2  22 add   12.003117667857051
          14          4  1.0  2  11 rm    10.5710497449045
          15          2  0.1  0   8 add   1.037537387174561
          15          2  0.1  0   1 rm    0.7653587176803756
          15          2  0.1  1  14 add   1.108381909475702
          15          2  0.1  1   5 rm    0.8090728199928521
          15          2  0.1  2   7 add   1.0566346482274804
          15          2 0.28  0   8 add   2.254792386250865
          15          2 0.28  0   1 rm    1.7109962049342067
          15          2 0.28  1  14 add   2.4464008791481953
          15          2 0.28  1   5 rm    1.8319910060975189
          15          2 0.28  2   7 add   2.232298980530432
          15          2  1.0  0   8 add   6.029991585705065
          15          2  1.0  0   1 rm    4.357812778749527
          15          2  1.0  1  14 add   6.769057187570302
          15          2  1.0  1   5 rm    4.8581035969582205
          15          2  1.0  2   7 add   5.938688750781859
          15          3  0.1  0  24 add   1.6313080458352616
          15          3  0.1  0   9 rm    1.3679873465302699
          15          3  0.1  1  14 add   1.5717533102329866
          15          3  0.1  1   5 rm    1.3287330603091883
          15          3  0.1  2  22 add   1.622948138608414
          15          3  0.1  2  11 rm    1.3735965351085246
          15          3 0.28  0  24 add   3.5705721912497133
          15          3 0.28  0   9 rm    3.031777369962053
          15          3 0.28  1  14 add   3.387775974624482
          15          3 0.28  1   5 rm    2.9050770875691043
          15          3 0.28  2  22 add   3.545271860943922
          15          3 0.28  2  11 rm    3.0186974947338
          15          3  1.0  0  24 add   9.682908526564509
          15          3  1.0  0   9 rm    7.955167371467119
          15          3  1.0  1  14 add   8.967090302643923
          15          3  1.0  1   5 rm    7.431621402477817
          15          3  1.0  2  22 add   9.605489493586155
          15          3  1.0  2  11 rm    7.902553858136732
          15          4  0.1  0  24 add   2.1134578655008283
          15          4  0.1  0   9 rm    1.8892418155324475
          15          4  0.1  1  34 add   2.16785852043153
          15          4  0.1  1  17 rm    1.9335548864414758
          15          4  0.1  2  22 add   2.101254205948318
          15          4  0.1  2  11 rm    1.8927515523704928
          15          4 0.28  0  24 add   4.562995344755542
          15          4 0.28  0   9 rm    4.1180049363752005
          15          4 0.28  1  34 add   4.721171100047202
          15          4 0.28  1  17 rm    4.238493316458778
          15          4 0.28  2  22 add   4.544037390188022
          15          4 0.28  2  11 rm    4.110608522708104
          15          4  1.0  0  24 add   12.056031703939658
          15          4  1.0  0   9 rm    10.602965099017077
          15          4  1.0  1  34 add   12.695572062224992
          15          4  1.0  1  17 rm    11.103937634061126
          15          4  1.0  2  22 add   12.00174189178117
          15          4  1.0  2  11 rm    10.567504567717286
           7          2  0.1  0   8 add   1.0024119614238927
           7          2  0.1  0   1 rm    0.747178559892741
           7          2  0.1  1  14 add   1.0920890395754075
           7          2  0.1  1   5 rm    0.7899646768790207
           7          2  0.1  2   7 add   1.0399984459047638
           7          2 0.28  0   8 add   2.2490656995909895
           7          2 0.28  0   1 rm    1.7151674267682127
           7          2 0.28  1  14 add   2.4510364762831327
           7          2 0.28  1   5 rm    1.8338669966094625
           7          2 0.28  2   7 add   2.2295527282358636
           7          2  1.0  0   8 add   6.036861177763999
           7          2  1.0  0   1 rm    4.3904518032957265
           7          2  1.0  1  14 add   6.771994643627986
           7          2  1.0  1   5 rm    4.874084603627953
           7          2  1.0  2   7 add   5.950028226920206
           7          3  0.1  0  24 add   1.8775203049772504
           7          3  0.1  0   9 rm    1.5572787353124795
           7          3  0.1  1  14 add   1.787056785949292
           7          3  0.1  1   5 rm    1.5163619397540766
           7          3  0.1  2  22 add   1.8472590072798176
           7          3  0.1  2  11 rm    1.5757782342171633
           7          3 0.28  0  24 add   3.8239484477411207
           7          3 0.28  0   9 rm    3.1788993902069413
           7          3 0.28  1  14 add   3.590404331017607
           7          3 0.28  1   5 rm    3.060912495168823
           7          3 0.28  2  22 add   3.763742959438877
           7          3 0.28  2  11 rm    3.1650590581924116
           7          3  1.0  0  24 add   9.874976600971333
           7          3  1.0  0   9 rm    8.022487360077083
           7          3  1.0  1  14 add   9.115026081956914
           7          3  1.0  1   5 rm    7.5271074176581205
           7          3  1.0  2  22 add   9.761244777842666
           7          3  1.0  2  11 rm    7.969601866859517
           7          4  1.0  0  24 add   12.891510663020982
           7          4  1.0  0   9 rm    11.277010402612696
           7          4  1.0  1  34 add   14.558666068644559
           7          4  1.0  1  17 rm    11.777352983438421
           7          4  1.0  2  22 add   12.795057443671167
           7          4  1.0  2  11 rm    11.335159777064735
           8          2  0.1  0   8 add   1.0180837916937886
           8          2  0.1  0   1 rm    0.7613663654566921
           8          2  0.1  1  14 add   1.0948223193238529
           8          2  0.1  1   5 rm    0.805168890240221
           8          2  0.1  2   7 add   1.0376542434495077
           8          2 0.28  0   8 add   2.2473503019126357
           8          2 0.28  0   1 rm    1.7137819156293423
           8          2 0.28  1  14 add   2.4398494148185192
           8          2 0.28  1   5 rm    1.833345304356265
           8          2 0.28  2   7 add   2.227028441773022
           8          2  1.0  0   8 add   6.034059321228937
           8          2  1.0  0   1 rm    4.3801962941604735
           8          2  1.0  1  14 add   6.770933061406071
           8          2  1.0  1   5 rm    4.869057305622886
           8          2  1.0  2   7 add   5.945384789267936
           8          3 0.28  0  24 add   3.705069566876007
           8          3 0.28  0   9 rm    3.092745468683243
           8          3 0.28  1  14 add   3.4680264950528024
           8          3 0.28  1   5 rm    2.9587969637254568
           8          3 0.28  2  22 add   3.657341410168398
           8          3 0.28  2  11 rm    3.0777752457300402
           8          3  1.0  0  24 add   9.69094876390748
           8          3  1.0  0   9 rm    7.992377437470401
           8          3  1.0  1  14 add   8.9970459267574
           8          3  1.0  1   5 rm    7.486704154199658
           8          3  1.0  2  22 add   9.631271810643995
           8          3  1.0  2  11 rm    7.939108731422868
           8          4  0.1  0  24 add   2.649037754512791
           8          4  0.1  0   9 rm    2.3408936550802855
           8          4  0.1  1  34 add   2.724883820278313
           8          4  0.1  1  17 rm    2.3686274587495615
           8          4  0.1  2  22 add   2.6314878563644117
           8          4  0.1  2  11 rm    2.3525812121656333
           8          4 0.28  0  24 add   5.153380272748567
           8          4 0.28  0   9 rm    4.548549294064788
           8          4 0.28  1  34 add   5.352614802614215
           8          4 0.28  1  17 rm    4.6428514306264415
           8          4 0.28  2  22 add   5.101570042033783
           8          4 0.28  2  11 rm    4.539307910663953
           9          2  0.1  0   8 add   1.0268423642665068
           9          2  0.1  0   1 rm    0.7630954116864592
           9          2  0.1  1  14 add   1.097298820789393
           9          2  0.1  1   5 rm    0.8066219872361649
           9          2  0.1  2   7 add   1.0470489376515695
           9          2 0.28  0   8 add   2.249585768569666
           9          2 0.28  0   1 rm    1.712985614114931
           9          2 0.28  1  14 add   2.4406677521872533
           9          2 0.28  1   5 rm    1.8329362853006257
           9          2 0.28  2   7 add   2.228196051448425
           9          2  1.0  0   8 add   6.032675415447056
           9          2  1.0  0   1 rm    4.373594462095368
           9          2  1.0  1  14 add   6.769765383735353
           9          2  1.0  1   5 rm    4.86582622624829
           9          2  1.0  2   7 add   5.943151917419047
           9          3  0.1  0  24 add   1.7003404000333686
           9          3  0.1  0   9 rm    1.398064943170575
           9          3  0.1  1  14 add   1.610673645930543
           9          3  0.1  1   5 rm    1.3562100682609617
           9          3  0.1  2  22 add   1.6822872639622066
           9          3  0.1  2  11 rm    1.4051931635241421
           9          3 0.28  0  24 add   3.606896577024293
           9          3 0.28  0   9 rm    3.0431682697066966
           9          3 0.28  1  14 add   3.412264701486333
           9          3 0.28  1   5 rm    2.919105261386982
           9          3 0.28  2  22 add   3.5717327313934795
           9          3 0.28  2  11 rm    3.031003199556409
           9          3  1.0  0  24 add   9.688779840333067
           9          3  1.0  0   9 rm    7.97138836707076
           9          3  1.0  1  14 add   8.979210868236796
           9          3  1.0  1   5 rm    7.460853049110066
           9          3  1.0  2  22 add   9.605642155010095
           9          3  1.0  2  11 rm    7.920554615546396
           9          4 0.28  0  24 add   4.8982724815594505
           9          4 0.28  0   9 rm    4.3806968680166
           9          4 0.28  1  34 add   4.890024767515981
           9          4 0.28  1  17 rm    4.520850497351031
           9          4 0.28  2  22 add   4.862765959872407
           9          4 0.28  2  11 rm    4.383323339498065
           9          4  1.0  0  24 add   12.230647066157767
           9          4  1.0  0   9 rm    10.764983860465286
           9          4  1.0  1  34 add   12.480129050898507
           9          4  1.0  1  17 rm    11.251852846604514
           9          4  1.0  2  22 add   12.161343931752205
           9          4  1.0  2  11 rm    10.733586980345553
