# num_shells num_filled freq ml p   label energy
           2          1  0.5  1   3 add   2.1669188154513455
           2          1  1.0  1   3 add   3.6215367033653036
           2          1 0.28  1   3 add   1.4560248707552514
           3          1  0.1  0   8 add   0.7480742986300014
           3          1  0.1  1   3 add   0.4881250231708847
           3          1  0.1  2   6 add   0.5139500610606826
           3          1  0.5  0   8 add   2.5093966289774015
           3          1  0.5  1   3 add   1.997161796693921
           3          1  0.5  2   6 add   2.2665377260179063
           3          1  1.0  0   8 add   4.440457902032843
           3          1  1.0  1   3 add   3.45287677430215
           3          1  1.0  2   6 add   4.083086787517255
           3          1 0.28  0   8 add   1.5867203903642348
           3          1 0.28  1   3 add   1.2836323183820597
           3          1 0.28  2   6 add   1.4074922196083581
           3          2  0.5  0   8 add   4.4788431964110496
           3          2  0.5  2   7 add   4.289701936133906
           3          2  1.0  0   8 add   7.207099581365661
           3          2  1.0  2   7 add   6.939500628811643
           4          1  0.1  0   8 add   0.6508785744094069
           4          1  0.1  1   3 add   0.5323143491266227
           4          1  0.1  2   6 add   0.48637888313569844
           4          1  0.5  0   8 add   2.4381322854422036
           4          1  0.5  1   3 add   1.9442968257388176
           4          1  0.5  2   6 add   2.235795474035877
           4          1  1.0  0   8 add   4.359841233543166
           4          1  1.0  1   3 add   3.38996201963408
           4          1  1.0  2   6 add   4.046681736195414
           4          1 0.28  0   8 add   1.5224919956935992
           4          1 0.28  1   3 add   1.2411339553655787
           4          1 0.28  2   6 add   1.380729682609545
           4          2  0.1  0   8 add   1.3809215554543528
           4          2  0.1  1  14 add   1.481035524348632
           4          2  0.1  2   7 add   1.4353743039611735
           4          2  0.5  0   8 add   4.088603187392246
           4          2  0.5  1  14 add   4.5312164272503646
           4          2  0.5  2   7 add   4.080772526215634
           4          2  1.0  0   8 add   6.770938688811455
           4          2  1.0  1  14 add   7.631865597285195
           4          2  1.0  2   7 add   6.6966772910352095
           4          2 0.28  0   8 add   2.727346041341378
           4          2 0.28  1  14 add   2.9857937764242473
           4          2 0.28  2   7 add   2.754170011649815
           4          3  0.5  1  14 add   7.486292353285161
           4          3  1.0  1  14 add   11.608538309929347
           5          1  0.5  0   8 add   2.39527527930377
           5          1  0.5  1   3 add   1.9423971499974029
           5          1  0.5  2   6 add   2.257303999485999
           5          1  1.0  0   8 add   4.309515012205436
           5          1  1.0  1   3 add   3.3850301585350593
           5          1  1.0  2   6 add   4.076616424320949
           5          1 0.28  0   8 add   1.4877633502999035
           5          1 0.28  1   3 add   1.2416242043156624
           5          1 0.28  2   6 add   1.399488879851553
           5          2  0.5  0   8 add   3.8815065545801066
           5          2  0.5  1  14 add   4.2697966037955135
           5          2  0.5  2   7 add   3.8653916404011075
           5          2  1.0  0   8 add   6.500916237261988
           5          2  1.0  1  14 add   7.111709845660686
           5          2  1.0  2   7 add   6.437413145218832
           5          2 0.28  0   8 add   2.5611814607338803
           5          2 0.28  1  14 add   2.8296980306738586
           5          2 0.28  2   7 add   2.5846698809467252
           5          3  0.1  0  24 add   2.5456789769460366
           5          3  0.1  1  14 add   2.433181666577175
           5          3  0.1  2  22 add   2.470078311239779
           5          3  0.5  0  24 add   7.1705968483008276
           5          3  0.5  1  14 add   6.6943569757106705
           5          3  0.5  2  22 add   7.04528389434303
           5          3  1.0  0  24 add   11.67880243326028
           5          3  1.0  1  14 add   10.756546520697334
           5          3  1.0  2  22 add   11.509747338330577
           5          3 0.28  0  24 add   4.863303797624868
           5          3 0.28  1  14 add   4.5847975136932595
           5          3 0.28  2  22 add   4.761782288432584
           6          1  0.5  0   8 add   2.3921176079635114
           6          1  0.5  1   3 add   1.941790748312201
           6          1  0.5  2   6 add   2.2598105166450617
           6          1  1.0  0   8 add   4.304015625581201
           6          1  1.0  1   3 add   3.382318650605705
           6          1  1.0  2   6 add   4.079422341153129
           6          1 0.28  0   8 add   1.4859985859815215
           6          1 0.28  1   3 add   1.2425579004729417
           6          1 0.28  2   6 add   1.401730497824895
           6          2  0.1  0   8 add   1.1967702644041323
           6          2  0.1  1  14 add   1.300009851964438
           6          2  0.1  2   7 add   1.2235821495885146
           6          2  0.5  0   8 add   3.8402124310690677
           6          2  0.5  1  14 add   4.205253345779768
           6          2  0.5  2   7 add   3.7966988989684656
           6          2  1.0  0   8 add   6.474366590604948
           6          2  1.0  1  14 add   7.2255433834192395
           6          2  1.0  2   7 add   6.389076831639954
           6          2 0.28  0   8 add   2.51234287067811
           6          2 0.28  1  14 add   2.7206970739776017
           6          2 0.28  2   7 add   2.495380869722606
           6          3  0.5  0  24 add   6.486728559545019
           6          3  0.5  1  14 add   6.2527086625610435
           6          3  0.5  2  22 add   6.401160965966116
           6          3  1.0  0  24 add   10.745282420740612
           6          3  1.0  1  14 add   10.168977651359945
           6          3  1.0  2  22 add   10.625007120365002
           6          3 0.28  0  24 add   4.328530728217096
           6          3 0.28  1  14 add   4.242377672116093
           6          3 0.28  2  22 add   4.2628429045987035
           6          4  0.1  0  24 add   3.681755720325442
           6          4  0.1  1  34 add   3.7953647662208065
           6          4  0.1  2  22 add   3.7479488308102127
           6          4  1.0  0  24 add   15.454952831813584
           6          4  1.0  1  34 add   16.315237586247086
           6          4  1.0  2  22 add   15.377510171429558
           6          4 0.28  0  24 add   6.826135845918973
           6          4 0.28  1  34 add   7.071791140025739
           6          4 0.28  2  22 add   6.843130998482319
           7          1  0.5  0   8 add   2.3914796735703283
           7          1  0.5  1   3 add   1.9417520664663757
           7          1  0.5  2   6 add   2.2624973486700557
           7          1  1.0  0   8 add   4.301664450217593
           7          1  1.0  1   3 add   3.3809007638493966
           7          1  1.0  2   6 add   4.08265612852564
           7          1 0.28  0   8 add   1.4865643312463663
           7          1 0.28  1   3 add   1.2436095399299927
           7          1 0.28  2   6 add   1.4044491831726988
           7          2  0.1  0   8 add   1.1829808743928238
           7          2  0.1  1  14 add   1.2656208285499333
           7          2  0.1  2   7 add   1.2021641364558497
           7          2  0.5  0   8 add   3.8250275415115236
           7          2  0.5  1  14 add   4.1920447755472106
           7          2  0.5  2   7 add   3.7821441665031084
           7          2  1.0  0   8 add   6.463014653724132
           7          2  1.0  1  14 add   7.219346594041668
           7          2  1.0  2   7 add   6.379030278115305
           7          2 0.28  0   8 add   2.4963926725947343
           7          2 0.28  1  14 add   2.701029143645505
           7          2 0.28  2   7 add   2.476055602377736
           7          3  0.1  0  24 add   2.187278043811489
           7          3  0.1  1  14 add   2.095742876456959
           7          3  0.1  2  22 add   2.157435869215694
           7          3  0.5  0  24 add   6.50398783329859
           7          3  0.5  1  14 add   6.111413734089773
           7          3  0.5  2  22 add   6.429187948379276
           7          3  1.0  0  24 add   10.811423618556447
           7          3  1.0  1  14 add   10.043292136262533
           7          3  1.0  2  22 add   10.705913398046226
           7          3 0.28  0  24 add   4.332093962351913
           7          3 0.28  1  14 add   4.10139568288838
           7          3 0.28  2  22 add   4.275933447210966
           7          4  1.0  0  24 add   14.448792135891596
           7          4  1.0  1  34 add   15.999743331887684
           7          4  1.0  2  22 add   14.365519066239383
           7          4 0.28  0  24 add   6.285345272844401
           7          4 0.28  1  34 add   6.423178859172474
           7          4 0.28  2  22 add   6.253926058346686
           7          5  1.0  0  48 add   21.711128904257137
           7          5  1.0  1  34 add   20.794750322603228
           7          5  1.0  2  46 add   21.58940964547578
           7          5 0.28  0  48 add   9.73756828700761
           7          5 0.28  1  34 add   9.077768845975097
           7          5 0.28  2  46 add   9.667982684225946
           8          1  0.5  0   8 add   2.3909287431187174
           8          1  0.5  1   3 add   1.9418812156775105
           8          1  0.5  2   6 add   2.2642588884373684
           8          1  1.0  0   8 add   4.30012766390298
           8          1  1.0  1   3 add   3.3801073537147914
           8          1  1.0  2   6 add   4.084585957155458
           8          1 0.28  0   8 add   1.4867424303379007
           8          1 0.28  1   3 add   1.244381807563607
           8          1 0.28  2   6 add   1.4061786958213986
           8          2  0.1  0   8 add   1.186301298924442
           8          2  0.1  1  14 add   1.2591659542363436
           8          2  0.1  2   7 add   1.1975039652992157
           8          2  0.5  0   8 add   3.8233010503055134
           8          2  0.5  1  14 add   4.186115536915956
           8          2  0.5  2   7 add   3.7791900297201653
           8          2  1.0  0   8 add   6.459829428098569
           8          2  1.0  1  14 add   7.217239699735044
           8          2  1.0  2   7 add   6.37373958258074
           8          2 0.28  0   8 add   2.495157594102033
           8          2 0.28  1  14 add   2.6915615912320283
           8          2 0.28  2   7 add   2.473982495422344
           8          3  0.5  0  24 add   6.3977559312357215
           8          3  0.5  1  14 add   6.004317092136323
           8          3  0.5  2  22 add   6.340042764314584
           8          3  1.0  0  24 add   10.709808340227124
           8          3  1.0  1  14 add   9.949891461860751
           8          3  1.0  2  22 add   10.622765916652826
           8          3 0.28  0  24 add   4.23501084250886
           8          3 0.28  1  14 add   3.997158712522466
           8          3 0.28  2  22 add   4.190652440148857
           8          4  0.1  0  24 add   3.1739510271816798
           8          4  0.1  1  34 add   3.2502517202325745
           8          4  0.1  2  22 add   3.155581757877638
           8          4  1.0  0  24 add   14.193769914117736
           8          4  1.0  1  34 add   14.913868054141346
           8          4  1.0  2  22 add   14.101822430124534
           8          4 0.28  0  24 add   6.02750442158966
           8          4 0.28  1  34 add   6.228244217556921
           8          4 0.28  2  22 add   5.980799643253031
           8          5  1.0  0  48 add   21.14711365180608
           8          5  1.0  1  34 add   19.288814037208194
           8          5  1.0  2  46 add   20.946894944568395
           8          6  1.0  0  48 add   26.778065495398053
           8          6  1.0  1  62 add   27.186900450043236
           8          6  1.0  2  46 add   25.888288472850096
           9          1  0.5  0   8 add   2.3908494331206036
           9          1  0.5  1   3 add   1.9421413021513074
           9          1  0.5  2   6 add   2.2658027778195113
           9          1  1.0  0   8 add   4.299393765886689
           9          1  1.0  1   3 add   3.3796413508768337
           9          1  1.0  2   6 add   4.0862876128615575
           9          1 0.28  0   8 add   1.487117427168154
           9          1 0.28  1   3 add   1.245160037374925
           9          1 0.28  2   6 add   1.4076934921003557
           9          2  0.1  0   8 add   1.1936188524421527
           9          2  0.1  1  14 add   1.2610365197621176
           9          2  0.1  2   7 add   1.2039985783751737
           9          2  0.5  0   8 add   3.8231324305208054
           9          2  0.5  1  14 add   4.185169013801391
           9          2  0.5  2   7 add   3.7781057455951474
           9          2  1.0  0   8 add   6.4580598323777645
           9          2  1.0  1  14 add   7.215484262560036
           9          2  1.0  2   7 add   6.371181008349417
           9          2 0.28  0   8 add   2.4966796922055776
           9          2 0.28  1  14 add   2.691682950934867
           9          2 0.28  2   7 add   2.4745078136748657
           9          3  0.1  0  24 add   2.0332834692836426
           9          3  0.1  1  14 add   1.9493146556914638
           9          3  0.1  2  22 add   2.016630331004071
           9          3  0.5  0  24 add   6.326092708431813
           9          3  0.5  1  14 add   5.9771028134200845
           9          3  0.5  2  22 add   6.278464770971752
           9          3  1.0  0  24 add   10.668797126771024
           9          3  1.0  1  14 add   9.93774019941534
           9          3  1.0  2  22 add   10.58957713265612
           9          3 0.28  0  24 add   4.148760312363581
           9          3 0.28  1  14 add   3.9546753210457806
           9          3 0.28  2  22 add   4.1163852687960825
           9          4  1.0  0  24 add   13.906603422888786
           9          4  1.0  1  34 add   14.406483678358278
           9          4  1.0  2  22 add   13.84502101263178
           9          4 0.28  0  24 add   5.803895083408666
           9          4 0.28  1  34 add   6.040376404059007
           9          4 0.28  2  22 add   5.773487368958183
           9          5  0.1  0  48 add   4.346927139218758
           9          5  0.1  1  34 add   4.436248066145618
           9          5  0.1  2  46 add   4.500004964963512
           9          5  1.0  0  48 add   19.603438037553378
           9          5  1.0  1  34 add   18.823440483636098
           9          5  1.0  2  46 add   19.499619314758714
           9          5 0.28  0  48 add   8.193915155946778
           9          5 0.28  1  34 add   8.235792507318143
           9          5 0.28  2  46 add   8.410360609813605
           9          7  1.0  0  80 add   34.28268424069001
           9          7  1.0  1  62 add   33.37961276557744
           9          7  1.0  2  78 add   34.19004512289959
          10          1  0.5  0   8 add   2.3908687026624253
          10          1  0.5  1   3 add   1.9424060682504347
          10          1  0.5  2   6 add   2.2670006268463516
          10          1  1.0  0   8 add   4.298861294478304
          10          1  1.0  1   3 add   3.3793588537519645
          10          1  1.0  2   6 add   4.08755211177383
          10          1 0.28  0   8 add   1.4875386599811953
          10          1 0.28  1   3 add   1.245810146283117
          10          1 0.28  2   6 add   1.408904426792095
          10          2  0.1  0   8 add   1.1953856636927478
          10          2  0.1  1  14 add   1.2647813572688806
          10          2  0.1  2   7 add   1.20557438057416
          10          2  0.5  0   8 add   3.823003173867385
          10          2  0.5  1  14 add   4.18520389299354
          10          2  0.5  2   7 add   3.77748564533125
          10          2  1.0  0   8 add   6.456674016664123
          10          2  1.0  1  14 add   7.214737943903402
          10          2  1.0  2   7 add   6.369227660805689
          10          2 0.28  0   8 add   2.4974692890316756
          10          2 0.28  1  14 add   2.692931899487566
          10          2 0.28  2   7 add   2.4749556533129575
          10          3  0.1  0  24 add   1.9949969530433869
          10          3  0.1  1  14 add   1.9207078862920521
          10          3  0.1  2  22 add   1.9776482568084117
          10          3  0.5  0  24 add   6.31972162443757
          10          3  0.5  1  14 add   5.9683275081374605
          10          3  0.5  2  22 add   6.273287421987503
          10          3  1.0  0  24 add   10.666976352762305
          10          3  1.0  1  14 add   9.933399478181759
          10          3  1.0  2  22 add   10.58890271780809
          10          3 0.28  0  24 add   4.132889331506182
          10          3 0.28  1  14 add   3.9388492062070037
          10          3 0.28  2  22 add   4.101859738498827
          10          4  0.1  0  24 add   2.9236676114895452
          10          4  0.1  1  34 add   2.996030518779375
          10          4  0.1  2  22 add   2.9148905917969854
          10          4  1.0  0  24 add   13.83520675045191
          10          4  1.0  1  34 add   14.499245256009452
          10          4  1.0  2  22 add   13.786244770793964
          10          4 0.28  0  24 add   5.687042509897845
          10          4 0.28  1  34 add   5.876569196625141
          10          4 0.28  2  22 add   5.674876170282703
          10          5  1.0  0  48 add   18.716148675742375
          10          5  1.0  1  34 add   18.293692611850243
          10          5  1.0  2  46 add   18.645052694605578
          10          5 0.28  0  48 add   8.147396472415224
          10          5 0.28  1  34 add   7.8838468702763125
          10          5 0.28  2  46 add   8.086327482861154
          10          6  1.0  0  48 add   24.055276114592377
          10          6  1.0  1  62 add   24.765409647408895
          10          6  1.0  2  46 add   23.945645436728434
          11          1  0.5  0   8 add   2.3909667876861262
          11          1  0.5  1   3 add   1.9426819252311862
          11          1  0.5  2   6 add   2.2680054337329696
          11          1  1.0  0   8 add   4.2985519304592135
          11          1  1.0  1   3 add   3.3791945792848868
          11          1  1.0  2   6 add   4.088618633479577
          11          1 0.28  0   8 add   1.4879384619173015
          11          1 0.28  1   3 add   1.2463932039499412
          11          1 0.28  2   6 add   1.40991727234692
          11          2  0.1  0   8 add   1.1977486508518682
          11          2  0.1  1  14 add   1.2660945100836418
          11          2  0.1  2   7 add   1.207614191920657
          11          2  0.5  0   8 add   3.8231130353580083
          11          2  0.5  1  14 add   4.185198008124346
          11          2  0.5  2   7 add   3.7772339530200143
          11          2  1.0  0   8 add   6.455849259054332
          11          2  1.0  1  14 add   7.213968668393531
          11          2  1.0  2   7 add   6.368031425556614
          11          2 0.28  0   8 add   2.4982700325164497
          11          2 0.28  1  14 add   2.6936252932800473
          11          2 0.28  2   7 add   2.4754788174256426
          11          3  0.1  0  24 add   1.9782861805577836
          11          3  0.1  1  14 add   1.9121071217457
          11          3  0.1  2  22 add   1.9670823998243425
          11          3  0.5  0  24 add   6.315771353927873
          11          3  0.5  1  14 add   5.966574842188555
          11          3  0.5  2  22 add   6.273018455750475
          11          3  1.0  0  24 add   10.66557079314569
          11          3  1.0  1  14 add   9.93076903330731
          11          3  1.0  2  22 add   10.58925636253319
          11          3 0.28  0  24 add   4.122530813736765
          11          3 0.28  1  14 add   3.9358212472143403
          11          3 0.28  2  22 add   4.096836930572652
          11          4  0.1  0  24 add   2.842953716851532
          11          4  0.1  1  34 add   2.9221558465342614
          11          4  0.1  2  22 add   2.83281812388736
          11          4  1.0  0  24 add   13.792929822343028
          11          4  1.0  1  34 add   14.463772476279232
          11          4  1.0  2  22 add   13.744969513004708
          11          4 0.28  0  24 add   5.602437733934188
          11          4 0.28  1  34 add   5.803001825431537
          11          4 0.28  2  22 add   5.588005983618527
          11          5  0.1  0  48 add   4.126839769722392
          11          5  0.1  1  34 add   4.05512905267492
          11          5  0.1  2  46 add   4.113477879852719
          11          5  1.0  0  48 add   18.8148594569129
          11          5  1.0  1  34 add   18.134591066075608
          11          5  1.0  2  46 add   18.763650319433957
          11          5 0.28  0  48 add   7.889505150990591
          11          5 0.28  1  34 add   7.694315066579116
          11          5 0.28  2  46 add   7.862302502463275
          11          6  1.0  0  48 add   23.198600517486803
          11          6  1.0  1  62 add   23.779912803386523
          11          6  1.0  2  46 add   23.125480175475367
          11          7  1.0  0  80 add   30.587779501041943
          11          7  1.0  1  62 add   29.709040233086444
          11          7  1.0  2  78 add   30.4301086211525
          12          1  0.5  0   8 add   2.3911079481819164
          12          1  0.5  1   3 add   1.9429430240165513
          12          1  0.5  2   6 add   2.268847409026928
          12          1  1.0  0   8 add   4.2983481356752575
          12          1  1.0  1   3 add   3.3790970420550783
          12          1  1.0  2   6 add   4.089493279449722
          12          1 0.28  0   8 add   1.488327703626926
          12          1 0.28  1   3 add   1.2469061015447716
          12          1 0.28  2   6 add   1.4107766941687196
          12          2  0.1  0   8 add   1.1991196521928893
          12          2  0.1  1  14 add   1.2676318438739664
          12          2  0.1  2   7 add   1.2089064114125219
          12          2  0.5  0   8 add   3.82330132663942
          12          2  0.5  1  14 add   4.185388292655308
          12          2  0.5  2   7 add   3.7771735630529233
          12          2  1.0  0   8 add   6.455256214481146
          12          2  1.0  1  14 add   7.213643546184921
          12          2  1.0  2   7 add   6.367170169199383
          12          2 0.28  0   8 add   2.49898925257449
          12          2 0.28  1  14 add   2.694254410151666
          12          2 0.28  2   7 add   2.4760191587239255
          12          3  0.1  0  24 add   1.9762539407816213
          12          3  0.1  1  14 add   1.916490467569003
          12          3  0.1  2  22 add   1.9652924969945522
          12          3  0.5  0  24 add   6.315080821289567
          12          3  0.5  1  14 add   5.966168162193195
          12          3  0.5  2  22 add   6.272762708087093
          12          3  1.0  0  24 add   10.664443334728524
          12          3  1.0  1  14 add   9.929176082748036
          12          3  1.0  2  22 add   10.588639657206427
          12          3 0.28  0  24 add   4.12278881580652
          12          3 0.28  1  14 add   3.9371921085171087
          12          3 0.28  2  22 add   4.097460153077862
          12          4  0.1  0  24 add   2.7852981763949267
          12          4  0.1  1  34 add   2.8543316227199473
          12          4  0.1  2  22 add   2.7752338870260083
          12          4  1.0  0  24 add   13.7871365789475
          12          4  1.0  1  34 add   14.44520792420347
          12          4  1.0  2  22 add   13.736863302311338
          12          4 0.28  0  24 add   5.5630885138921755
          12          4 0.28  1  34 add   5.730643735636908
          12          4 0.28  2  22 add   5.545812578100236
          12          5  1.0  0  48 add   18.0690563802772
          12          5  1.0  1  34 add   17.97247682744949
          12          5  1.0  2  46 add   18.55045406179848
          12          5 0.28  0  48 add   7.754720363712366
          12          5 0.28  1  34 add   7.518185691216249
          12          5 0.28  2  46 add   7.726334335096291
          12          6  1.0  0  48 add   22.904610570744705
          12          6  1.0  1  62 add   23.57831224743374
          12          6  1.0  2  46 add   22.856127890287574
          12          6 0.28  0  48 add   9.968418995987767
          12          6 0.28  1  62 add   10.150752133211682
          12          6 0.28  2  46 add   9.954457804667765
          13          1  0.5  0   8 add   2.3912603170382845
          13          1  0.5  1   3 add   1.9431879127131468
          13          1  0.5  2   6 add   2.2695628423480843
          13          1  1.0  0   8 add   4.29822021589841
          13          1  1.0  1   3 add   3.37904487763011
          13          1  1.0  2   6 add   4.090235319565732
          13          1 0.28  0   8 add   1.4886875610079828
          13          1 0.28  1   3 add   1.2473609425970194
          13          1 0.28  2   6 add   1.4115103749088418
          13          2  0.1  0   8 add   1.2003332991738294
          13          2  0.1  1  14 add   1.2686748787106805
          13          2  0.1  2   7 add   1.209989212258548
          13          2  0.5  0   8 add   3.823533364471266
          13          2  0.5  1  14 add   4.185625857496168
          13          2  0.5  2   7 add   3.7772117576761106
          13          2  1.0  0   8 add   6.454863662970447
          13          2  1.0  1  14 add   7.21338025078334
          13          2  1.0  2   7 add   6.366569010607467
          13          2 0.28  0   8 add   2.4996600583968815
          13          2 0.28  1  14 add   2.6948651109016684
          13          2 0.28  2   7 add   2.4765513829666803
          13          3  0.1  0  24 add   1.9781887109641714
          13          3  0.1  1  14 add   1.9174598982525242
          13          3  0.1  2  22 add   1.9694934175902281
          13          3  0.5  0  24 add   6.315024653708711
          13          3  0.5  1  14 add   5.9658800870525575
          13          3  0.5  2  22 add   6.273028730128353
          13          3  1.0  0  24 add   10.66356409793605
          13          3  1.0  1  14 add   9.927791852571003
          13          3  1.0  2  22 add   10.58836590816455
          13          3 0.28  0  24 add   4.124249586530499
          13          3 0.28  1  14 add   3.937757862340206
          13          3 0.28  2  22 add   4.099320792758972
          13          4  0.1  0  24 add   2.7471207557068014
          13          4  0.1  1  34 add   2.810797146130539
          13          4  0.1  2  22 add   2.7363799923693266
          13          4  1.0  0  24 add   13.784237708606808
          13          4  1.0  1  34 add   14.44382819653229
          13          4  1.0  2  22 add   13.733863351783471
          13          4 0.28  0  24 add   5.544194750311472
          13          4 0.28  1  34 add   5.713182762399219
          13          4 0.28  2  22 add   5.526839454783851
          13          5  0.1  0  48 add   3.9019735542045173
          13          5  0.1  1  34 add   3.832182590784419
          13          5  0.1  2  46 add   3.890855378857407
          13          5  1.0  0  48 add   18.579956155561774
          13          5  1.0  1  34 add   17.932790051346835
          13          5  1.0  2  46 add   18.536516596447477
          13          5 0.28  0  48 add   7.603112974428175
          13          5 0.28  1  34 add   7.419431549249119
          13          5 0.28  2  46 add   7.579306110887474
          13          6  1.0  0  48 add   22.562596296985607
          13          6  1.0  1  62 add   23.03845618235598
          13          6  1.0  2  46 add   22.518336214589265
          13          7  1.0  0  80 add   28.835652066975477
          13          7  1.0  1  62 add   28.119380870985893
          13          7  1.0  2  78 add   28.7608369318323
          14          1  0.5  0   8 add   2.391418530415728
          14          1  0.5  1   3 add   1.9434152541191763
          14          1  0.5  2   6 add   2.2701794904959574
          14          1  1.0  0   8 add   4.298141825707132
          14          1  1.0  1   3 add   3.3790202812031014
          14          1  1.0  2   6 add   4.090869383047176
          14          1 0.28  0   8 add   1.4890172849414989
          14          1 0.28  1   3 add   1.2477664094751066
          14          1 0.28  2   6 add   1.4121449213706772
          14          2  0.1  0   8 add   1.2013969350150733
          14          2  0.1  1  14 add   1.2695818959620664
          14          2  0.1  2   7 add   1.2109559081534196
          14          2  0.5  0   8 add   3.8237754749502564
          14          2  0.5  1  14 add   4.185879281202391
          14          2  0.5  2   7 add   3.7773039120114946
          14          2  1.0  0   8 add   6.454591654502309
          14          2  1.0  1  14 add   7.213256884359097
          14          2  1.0  2   7 add   6.366133431443954
          14          2 0.28  0   8 add   2.5002667964685403
          14          2 0.28  1  14 add   2.695428987651689
          14          2 0.28  2   7 add   2.477045720166273
          14          3  0.1  0  24 add   1.9796000152515616
          14          3  0.1  1  14 add   1.9218936963810007
          14          3  0.1  2  22 add   1.9710697588540562
          14          3  0.5  0  24 add   6.3149169117904425
          14          3  0.5  1  14 add   5.965777427342175
          14          3  0.5  2  22 add   6.273230842895696
          14          3  1.0  0  24 add   10.662744558396597
          14          3  1.0  1  14 add   9.92685913823146
          14          3  1.0  2  22 add   10.587954038821719
          14          3 0.28  0  24 add   4.124821445496633
          14          3 0.28  1  14 add   3.938360552785277
          14          3 0.28  2  22 add   4.1001420560524275
          14          4  0.1  0  24 add   2.724406931313774
          14          4  0.1  1  34 add   2.7830833116827005
          14          4  0.1  2  22 add   2.713575324191978
          14          4  1.0  0  24 add   13.782384057943656
          14          4  1.0  1  34 add   14.443017916694824
          14          4  1.0  2  22 add   13.731394391778482
          14          4 0.28  0  24 add   5.538503357518736
          14          4 0.28  1  34 add   5.701333579216351
          14          4 0.28  2  22 add   5.521190532616331
          14          5  0.1  0  48 add   3.835739384722106
          14          5  0.1  1  34 add   3.7578475769765713
          14          5  0.1  2  46 add   3.823957257077528
          14          5  1.0  0  48 add   18.561759756500827
          14          5  1.0  1  34 add   17.909229924941386
          14          5  1.0  2  46 add   18.52119757598549
          14          5 0.28  0  48 add   7.535064064805829
          14          5 0.28  1  34 add   7.339455469643983
          14          5 0.28  2  46 add   7.51511162689201
          14          6  0.1  0  48 add   5.031573621543283
          14          6  0.1  1  62 add   5.092687543968854
          14          6  0.1  2  46 add   5.0183063094843
          14          6  1.0  0  48 add   22.456476191033133
          14          6  1.0  1  62 add   23.052018409220896
          14          6  1.0  2  46 add   22.4109671470286
          14          6 0.28  0  48 add   9.538284023662504
          14          6 0.28  1  62 add   9.70728950983834
          14          6 0.28  2  46 add   9.513024499640988
          14          7  1.0  0  80 add   27.944642611992307
          14          7  1.0  1  62 add   27.55017115586751
          14          7  1.0  2  78 add   27.895404995243517
          15          1  1.0  0   8 add   4.298095013504146
          15          1  1.0  1   3 add   3.3790141430120557
          15          1  1.0  2   6 add   4.091417274237105
          15          1 0.28  0   8 add   1.4893207235442258
          15          1 0.28  1   3 add   1.248129818248752
          15          1 0.28  2   6 add   1.41269839359935
          15          2  0.1  0   8 add   1.2023376909282104
          15          2  0.1  1  14 add   1.270402772425259
          15          2  0.1  2   7 add   1.2117956177748173
          15          2  1.0  0   8 add   6.4544052596578325
          15          2  1.0  1  14 add   7.213192789073211
          15          2  1.0  2   7 add   6.365811918717825
          15          2 0.28  0   8 add   2.5008132686721662
          15          2 0.28  1  14 add   2.695938406268775
          15          2 0.28  2   7 add   2.4775047647772
          15          3  0.1  0  24 add   1.9825599941104577
          15          3  0.1  1  14 add   1.923275520551365
          15          3  0.1  2  22 add   1.9743815201209902
          15          3  1.0  0  24 add   10.662229240930737
          15          3  1.0  1  14 add   9.926136574434672
          15          3  1.0  2  22 add   10.587797466691573
          15          3 0.28  0  24 add   4.125347320280365
          15          3 0.28  1  14 add   3.938920465490217
          15          3 0.28  2  22 add   4.100867769356148
          15          4  0.1  0  24 add   2.7185618044970226
          15          4  0.1  1  34 add   2.771716386620606
          15          4  0.1  2  22 add   2.7083791392965186
          15          4  1.0  0  24 add   13.781043438949565
          15          4  1.0  1  34 add   14.442204347352062
          15          4  1.0  2  22 add   13.729852166056299
          15          4 0.28  0  24 add   5.539684510880425
          15          4 0.28  1  34 add   5.701346861455612
          15          4 0.28  2  22 add   5.522097475118304
          15          5  0.1  0  48 add   3.759135074471403
          15          5  0.1  1  34 add   3.6929205911573044
          15          5  0.1  2  46 add   3.751894402766471
          15          5  1.0  0  48 add   18.551927703875144
          15          5  1.0  1  34 add   17.904562409072213
          15          5  1.0  2  46 add   18.51172188001272
          15          5 0.28  0  48 add   7.461587754700229
          15          5 0.28  1  34 add   7.297016749876895
          15          5 0.28  2  46 add   7.446273448443105
          15          6  1.0  0  48 add   22.345415656472458
          15          6  1.0  1  62 add   22.771214627404362
          15          6  1.0  2  46 add   22.30837874606268
          15          6 0.28  0  48 add   9.37953612502147
          15          6 0.28  1  62 add   9.584854473097183
          15          6 0.28  2  46 add   9.359101464635115
          15          7  1.0  0  80 add   27.988264876530813
          15          7  1.0  1  62 add   27.34865787923986
          15          7  1.0  2  78 add   27.950229030087698
          15          7 0.28  0  80 add   12.066953233665016
          15          7 0.28  1  62 add   11.880403293180462
          15          7 0.28  2  78 add   12.042316663656505
          16          5  0.1  0  48 add   3.710562900592651
          16          5  0.1  1  34 add   3.6467254760246455
          16          5  0.1  2  46 add   3.703695529704029
          16          5  1.0  0  48 add   18.55045314898657
          16          5  1.0  1  34 add   17.90218630632959
          16          5  1.0  2  46 add   18.510528772089994
          16          5 0.28  0  48 add   7.439609565691469
          16          5 0.28  1  34 add   7.2718717087488
          16          5 0.28  2  46 add   7.424857427456181
          16          6  0.1  0  48 add   4.818068842545944
          16          6  0.1  1  62 add   4.877409413224082
          16          6  0.1  2  46 add   4.8060763536401705
          16          6  1.0  0  48 add   22.317043765632793
          16          6  1.0  1  62 add   22.91458626175712
          16          6  1.0  2  46 add   22.28238436578663
          16          6 0.28  0  48 add   9.284293753028402
          16          6 0.28  1  62 add   9.448046684608595
          16          6 0.28  2  46 add   9.270496939498965
          16          7  1.0  0  80 add   27.718400489067346
          16          7  1.0  1  62 add   27.09885252358434
          16          7  1.0  2  78 add   27.208672933837782
          17          5  0.1  0  48 add   3.6705128132836227
          17          5  0.1  1  34 add   3.6108198481324916
          17          5  0.1  2  46 add   3.6655573165228943
          17          5  1.0  0  48 add   18.549533424956056
          17          5  1.0  1  34 add   17.90048086839562
          17          5  1.0  2  46 add   18.50984252954512
          17          5 0.28  0  48 add   7.421229963309458
          17          5 0.28  1  34 add   7.262064826168471
          17          5 0.28  2  46 add   7.408403634452556
          17          6  0.1  0  48 add   4.741663111753981
          17          6  0.1  1  62 add   4.81192819148654
          17          6  0.1  2  46 add   4.730533130460624
          17          6  1.0  0  48 add   22.301283208770034
          17          6  1.0  1  62 add   22.90383104207081
          17          6  1.0  2  46 add   22.26670561709223
          17          6 0.28  0  48 add   9.203115287697871
          17          6 0.28  1  62 add   9.38254087056589
          17          6 0.28  2  46 add   9.189488300978057
          17          7  1.0  0  80 add   27.611077718625243
          17          7  1.0  1  62 add   27.017397483298456
          17          7  1.0  2  78 add   27.197005382289746
          17          7 0.28  0  80 add   11.663344580464095
          17          7 0.28  1  62 add   11.49548966204455
          17          7 0.28  2  78 add   11.648315055812052
          18          5  0.1  0  48 add   3.6469478608331842
          18          5  0.1  1  34 add   3.592483599829029
          18          5  0.1  2  46 add   3.6424047832402673
          18          5  1.0  0  48 add   18.548742023909867
          18          5  1.0  1  34 add   17.899207116923854
          18          5  1.0  2  46 add   18.509123084285775
          18          5 0.28  0  48 add   7.41984898520529
          18          5 0.28  1  34 add   7.261650618515828
          18          5 0.28  2  46 add   7.407150174980322
          18          6  0.1  0  48 add   4.6737048711328795
          18          6  0.1  1  62 add   4.731782668833878
          18          6  0.1  2  46 add   4.6636624137937845
          18          6  1.0  0  48 add   22.29762688226633
          18          6  1.0  1  62 add   22.898831042452294
          18          6  1.0  2  46 add   22.26250971038666
          18          6 0.28  0  48 add   9.155940241128171
          18          6 0.28  1  62 add   9.306511584988176
          18          6 0.28  2  46 add   9.14315663425394
          18          7  1.0  0  80 add   27.557435943290876
          18          7  1.0  1  62 add   26.936750969939546
          18          7  1.0  2  78 add   27.49606578512444
          18          7 0.28  0  80 add   11.452247242390479
          18          7 0.28  1  62 add   11.34595892375971
          18          7 0.28  2  78 add   11.523715969535102
          19          5  1.0  0  48 add   18.548020785197576
          19          5  1.0  1  34 add   17.898073367530266
          19          5  1.0  2  46 add   18.50852623709312
          19          5 0.28  0  48 add   7.420543354721643
          19          5 0.28  1  34 add   7.2612551169494015
          19          5 0.28  2  46 add   7.4084073368833385
          19          6  0.1  0  48 add   4.621326343114024
          19          6  0.1  1  62 add   4.6804539923373945
          19          6  0.1  2  46 add   4.611402403790182
          19          6  1.0  0  48 add   22.29556203263525
          19          6  1.0  1  62 add   22.897577895935388
          19          6  1.0  2  46 add   22.260385503560176
          19          6 0.28  0  48 add   9.122741785470781
          19          6 0.28  1  62 add   9.278760993491554
          19          6 0.28  2  46 add   9.11003997093257
          19          7  0.1  0  80 add   5.921408611116725
          19          7  0.1  1  62 add   5.862608873010488
          19          7  0.1  2  78 add   5.916152268004321
          19          7  1.0  0  80 add   27.42594355615418
          19          7  1.0  1  62 add   26.915616316131352
          19          7  1.0  2  78 add   27.47447552143692
          19          7 0.28  0  80 add   11.415795609808436
          19          7 0.28  1  62 add   11.25326930345064
          19          7 0.28  2  78 add   11.401728583549948
          20          5  0.1  0  48 add   3.6261307089135877
          20          5  0.1  1  34 add   3.5777421573484425
          20          5  0.1  2  46 add   3.6225408662839373
          20          5  1.0  0  48 add   18.547370612860767
          20          5  1.0  1  34 add   17.897208848829134
          20          5  1.0  2  46 add   18.50795166175237
          20          5 0.28  0  48 add   7.420907969921046
          20          5 0.28  1  34 add   7.26210815114052
          20          5 0.28  2  46 add   7.408852249334502
          20          6  0.1  0  48 add   4.575117914530065
          20          6  0.1  1  62 add   4.6302220021921405
          20          6  0.1  2  46 add   4.565856891463024
          20          6  1.0  0  48 add   22.29409296321125
          20          6  1.0  1  62 add   22.896809235745764
          20          6  1.0  2  46 add   22.25872565431305
          20          6 0.28  0  48 add   9.107231504301177
          20          6 0.28  1  62 add   9.25250127814976
          20          6 0.28  2  46 add   9.094691675042696
          20          7  1.0  0  80 add   27.39297772938025
          20          7  1.0  1  62 add   26.903322103706053
          20          7  1.0  2  78 add   27.4668189109891
          20          7 0.28  0  80 add   11.348565696954067
          20          7 0.28  1  62 add   11.168287877709975
          20          7 0.28  2  78 add   11.336138206942822
           2          1  0.5  0   1 rm    1.2679566084059164
           2          1  1.0  0   1 rm    2.1435260744787406
           2          1 0.28  0   1 rm    0.8091205239686351
           3          1  0.1  0   1 rm    0.25630519693856935
           3          1  0.5  0   1 rm    1.1595534274934984
           3          1  1.0  0   1 rm    2.0272166163874803
           3          1 0.28  0   1 rm    0.7171211494334294
           3          2  0.5  0   1 rm    3.5569284543982733
           3          2  0.5  1   5 rm    3.6014582309436256
           3          2  1.0  0   1 rm    5.472633805156278
           3          2  1.0  1   5 rm    5.733880385306873
           4          1  0.1  0   1 rm    0.2652080661141639
           4          1  0.5  0   1 rm    1.1525412030749247
           4          1  1.0  0   1 rm    2.0132578815021445
           4          1 0.28  0   1 rm    0.7162746703627677
           4          2  0.1  0   1 rm    1.080882858581368
           4          2  0.1  1   5 rm    1.1321845554617522
           4          2  0.5  0   1 rm    3.0663804025821015
           4          2  0.5  1   5 rm    3.253679147170393
           4          2  1.0  0   1 rm    4.849094179413058
           4          2  1.0  1   5 rm    5.310256484433688
           4          2 0.28  0   1 rm    2.1017049913068244
           4          2 0.28  1   5 rm    2.1953979126893226
           4          3  0.5  0   9 rm    6.474035536083774
           4          3  0.5  1   5 rm    6.293550654500395
           4          3  0.5  2  11 rm    6.239067799464507
           4          3  1.0  0   9 rm    10.095227903238534
           4          3  1.0  1   5 rm    9.694102484428761
           4          3  1.0  2  11 rm    9.806368127102594
           5          1  0.5  0   1 rm    1.1475796299460717
           5          1  1.0  0   1 rm    2.004782607780599
           5          1 0.28  0   1 rm    0.7138304012792992
           5          2  0.5  0   1 rm    2.9440320296956117
           5          2  0.5  1   5 rm    3.1673981733702328
           5          2  1.0  0   1 rm    4.7632134248995825
           5          2  1.0  1   5 rm    5.253218604459832
           5          2 0.28  0   1 rm    1.9537153052917633
           5          2 0.28  1   5 rm    2.07708561848718
           5          3  0.1  0   9 rm    2.061362642133273
           5          3  0.1  1   5 rm    2.0792045049994585
           5          3  0.1  2  11 rm    2.0886984980151566
           5          3  0.5  0   9 rm    5.704967840392173
           5          3  0.5  1   5 rm    5.5113068685119195
           5          3  0.5  2  11 rm    5.701155675077728
           5          3  1.0  0   9 rm    9.120041015671148
           5          3  1.0  1   5 rm    8.607507338583652
           5          3  1.0  2  11 rm    9.094062932238266
           5          3 0.28  0   9 rm    3.9136748942951862
           5          3 0.28  1   5 rm    3.8444425072509913
           5          3 0.28  2  11 rm    3.923487433278413
           6          1  0.5  0   1 rm    1.1456355421588076
           6          1  1.0  0   1 rm    2.0007768520751914
           6          1 0.28  0   1 rm    0.7133837566114672
           6          2  0.1  0   1 rm    0.9040198434570015
           6          2  0.1  1   5 rm    0.9482061675809798
           6          2  0.5  0   1 rm    2.8940355365310664
           6          2  0.5  1   5 rm    3.125451110788523
           6          2  1.0  0   1 rm    4.713540527331919
           6          2  1.0  1   5 rm    5.221296797743747
           6          2 0.28  0   1 rm    1.9148289739174802
           6          2 0.28  1   5 rm    2.039022045041629
           6          3  0.5  0   9 rm    5.584826149015266
           6          3  0.5  1   5 rm    5.370235390247012
           6          3  0.5  2  11 rm    5.57887381077127
           6          3  1.0  0   9 rm    9.011782782188849
           6          3  1.0  1   5 rm    8.525293846523319
           6          3  1.0  2  11 rm    8.981799819031744
           6          3 0.28  0   9 rm    3.7905873791247977
           6          3 0.28  1   5 rm    3.6825046315442083
           6          3 0.28  2  11 rm    3.7994310128036872
           6          4  0.1  0   9 rm    3.2906406121432834
           6          4  0.1  1  17 rm    3.3443407780575276
           6          4  0.1  2  11 rm    3.210113019124286
           6          4  1.0  0   9 rm    12.910135709698656
           6          4  1.0  1  17 rm    13.503266363072235
           6          4  1.0  2  11 rm    12.866079998941169
           6          4 0.28  0   9 rm    5.929363906030904
           6          4 0.28  1  17 rm    6.084325983947423
           6          4 0.28  2  11 rm    5.835949273206639
           7          1  0.5  0   1 rm    1.1443343450624892
           7          1  1.0  0   1 rm    1.9981308575988384
           7          1 0.28  0   1 rm    0.7130037602803131
           7          2  0.1  0   1 rm    0.8982947166341284
           7          2  0.1  1   5 rm    0.9414906209078359
           7          2  0.5  0   1 rm    2.8858616965084014
           7          2  0.5  1   5 rm    3.120517435967948
           7          2  1.0  0   1 rm    4.695143965309054
           7          2  1.0  1   5 rm    5.211702091880811
           7          2 0.28  0   1 rm    1.912055975376335
           7          2 0.28  1   5 rm    2.037176926565427
           7          3  0.1  0   9 rm    1.8477291554649555
           7          3  0.1  1   5 rm    1.8058292530132616
           7          3  0.1  2  11 rm    1.8617357941277712
           7          3  0.5  0   9 rm    5.429405299334393
           7          3  0.5  1   5 rm    5.195417217171308
           7          3  0.5  2  11 rm    5.402849570375826
           7          3  1.0  0   9 rm    8.866752297663854
           7          3  1.0  1   5 rm    8.344403721860843
           7          3  1.0  2  11 rm    8.819263259160932
           7          3 0.28  0   9 rm    3.6489662025534266
           7          3 0.28  1   5 rm    3.5262267230232185
           7          3 0.28  2  11 rm    3.636115761057528
           7          4  1.0  0   9 rm    12.72049675455449
           7          4  1.0  1  17 rm    13.265623218280096
           7          4  1.0  2  11 rm    12.699562546487181
           7          4 0.28  0   9 rm    5.582639010983645
           7          4 0.28  1  17 rm    5.780436764371587
           7          4 0.28  2  11 rm    5.576786523316357
           7          5  1.0  0  25 rm    18.599384498228027
           7          5  1.0  1  17 rm    17.923217567129452
           7          5  1.0  2  27 rm    18.528146307431076
           7          5 0.28  0  25 rm    8.620084118234601
           7          5 0.28  1  17 rm    8.507595618210228
           7          5 0.28  2  27 rm    8.633375725086017
           8          1  0.5  0   1 rm    1.1435268727519412
           8          1  1.0  0   1 rm    1.996384317474742
           8          1 0.28  0   1 rm    0.7128469186389671
           8          2  0.1  0   1 rm    0.9027914919360785
           8          2  0.1  1   5 rm    0.9474092755718387
           8          2  0.5  0   1 rm    2.8811769230912847
           8          2  0.5  1   5 rm    3.117826451356107
           8          2  1.0  0   1 rm    4.68460672433538
           8          2  1.0  1   5 rm    5.206166398665004
           8          2 0.28  0   1 rm    1.9104574441241344
           8          2 0.28  1   5 rm    2.036454143463626
           8          3  0.5  0   9 rm    5.384111254684863
           8          3  0.5  1   5 rm    5.138068420142379
           8          3  0.5  2  11 rm    5.357967034091787
           8          3  1.0  0   9 rm    8.844324171201588
           8          3  1.0  1   5 rm    8.311048483215915
           8          3  1.0  2  11 rm    8.795560404195621
           8          3 0.28  0   9 rm    3.580395668451998
           8          3 0.28  1   5 rm    3.4447611757296452
           8          3 0.28  2  11 rm    3.5672390981518656
           8          4  0.1  0   9 rm    2.856050226209456
           8          4  0.1  1  17 rm    2.8786574005402907
           8          4  0.1  2  11 rm    2.86997582287115
           8          4  1.0  0   9 rm    12.401723779816376
           8          4  1.0  1  17 rm    12.900786462612963
           8          4  1.0  2  11 rm    12.364088896933348
           8          4 0.28  0   9 rm    5.394863743796365
           8          4 0.28  1  17 rm    5.491328765976892
           8          4 0.28  2  11 rm    5.389104499024493
           8          5  1.0  0  25 rm    18.105702061249914
           8          5  1.0  1  17 rm    17.870708126391687
           8          5  1.0  2  27 rm    18.033492264612143
           8          6  1.0  0  25 rm    23.661325627540876
           8          6  1.0  1  37 rm    24.3102498263072
           8          6  1.0  2  27 rm    23.565588462010712
           9          1  0.5  0   1 rm    1.1429458984142402
           9          1  1.0  0   1 rm    1.9951113357678234
           9          1 0.28  0   1 rm    0.7127402566987034
           9          2  0.1  0   1 rm    0.9039115422973292
           9          2  0.1  1   5 rm    0.948453386565477
           9          2  0.5  0   1 rm    2.8781568794760943
           9          2  0.5  1   5 rm    3.1160585276204227
           9          2  1.0  0   1 rm    4.677843676924261
           9          2  1.0  1   5 rm    5.202639366975273
           9          2 0.28  0   1 rm    1.909436719458664
           9          2 0.28  1   5 rm    2.03585960812883
           9          3  0.1  0   9 rm    1.7160590201226416
           9          3  0.1  1   5 rm    1.6737696410793481
           9          3  0.1  2  11 rm    1.7203167081594097
           9          3  0.5  0   9 rm    5.354097340142782
           9          3  0.5  1   5 rm    5.109363686095095
           9          3  0.5  2  11 rm    5.33106671004647
           9          3  1.0  0   9 rm    8.829472581994834
           9          3  1.0  1   5 rm    8.290596082764138
           9          3  1.0  2  11 rm    8.7820068956016
           9          3 0.28  0   9 rm    3.5409489966025345
           9          3 0.28  1   5 rm    3.4120610513359115
           9          3 0.28  2  11 rm    3.5302401572747506
           9          4  1.0  0   9 rm    12.323776060022816
           9          4  1.0  1  17 rm    12.832598091396793
           9          4  1.0  2  11 rm    12.293729726683951
           9          4 0.28  0   9 rm    5.249775032384402
           9          4 0.28  1  17 rm    5.389604639003176
           9          4 0.28  2  11 rm    5.253059858927287
           9          5  0.1  0  25 rm    4.1576524602288325
           9          5  0.1  1  17 rm    4.087189035082216
           9          5  0.1  2  27 rm    4.135124762202596
           9          5  1.0  0  25 rm    17.413424789847685
           9          5  1.0  1  17 rm    16.845152483145366
           9          5  1.0  2  27 rm    17.33985591912037
           9          5 0.28  0  25 rm    7.679232181921726
           9          5 0.28  1  17 rm    7.507052371718357
           9          5 0.28  2  27 rm    7.622773561922447
           9          7  1.0  0  49 rm    30.667563741535243
           9          7  1.0  1  37 rm    29.953890580313935
           9          7  1.0  2  51 rm    30.581012801595495
          10          1  0.5  0   1 rm    1.1425205510737948
          10          1  1.0  0   1 rm    1.9941569613108339
          10          1 0.28  0   1 rm    0.7126807192082041
          10          2  0.1  0   1 rm    0.904326127660207
          10          2  0.1  1   5 rm    0.9490363657511983
          10          2  0.5  0   1 rm    2.875987066040629
          10          2  0.5  1   5 rm    3.1148286674752725
          10          2  1.0  0   1 rm    4.673125902426106
          10          2  1.0  1   5 rm    5.200193772620549
          10          2 0.28  0   1 rm    1.908643789731363
          10          2 0.28  1   5 rm    2.0354378302482394
          10          3  0.1  0   9 rm    1.69399342193493
          10          3  0.1  1   5 rm    1.6541872498825123
          10          3  0.1  2  11 rm    1.700316511489851
          10          3  0.5  0   9 rm    5.350844850950185
          10          3  0.5  1   5 rm    5.104011332207617
          10          3  0.5  2  11 rm    5.326962387213287
          10          3  1.0  0   9 rm    8.823323488656808
          10          3  1.0  1   5 rm    8.279991568645546
          10          3  1.0  2  11 rm    8.775215038443989
          10          3 0.28  0   9 rm    3.537520899873513
          10          3 0.28  1   5 rm    3.4073284497924026
          10          3 0.28  2  11 rm    3.526159718312469
          10          4  0.1  0   9 rm    2.645788423281715
          10          4  0.1  1  17 rm    2.6910357898218447
          10          4  0.1  2  11 rm    2.6494041319492543
          10          4  1.0  0   9 rm    12.240596244294363
          10          4  1.0  1  17 rm    12.75265739977764
          10          4  1.0  2  11 rm    12.208818701739137
          10          4 0.28  0   9 rm    5.152080895036026
          10          4 0.28  1  17 rm    5.272894981116953
          10          4 0.28  2  11 rm    5.143111524291241
          10          5  1.0  0  25 rm    17.264090176004213
          10          5  1.0  1  17 rm    16.68752307275748
          10          5  1.0  2  27 rm    17.213223407073073
          10          5 0.28  0  25 rm    7.464507331931196
          10          5 0.28  1  17 rm    7.261036721736277
          10          5 0.28  2  27 rm    7.436843466158528
          10          6  1.0  0  25 rm    21.828624702591227
          10          6  1.0  1  37 rm    22.40630259452765
          10          6  1.0  2  27 rm    21.734804856509598
          11          1  0.5  0   1 rm    1.142191759700449
          11          1  1.0  0   1 rm    1.9934103084105534
          11          1 0.28  0   1 rm    0.7126392033105983
          11          2  0.1  0   1 rm    0.9047482862791005
          11          2  0.1  1   5 rm    0.9493908446875102
          11          2  0.5  0   1 rm    2.874416407425032
          11          2  0.5  1   5 rm    3.113928957382808
          11          2  1.0  0   1 rm    4.66967135394632
          11          2  1.0  1   5 rm    5.198398503691674
          11          2 0.28  0   1 rm    1.9081149679803522
          11          2 0.28  1   5 rm    2.035138377555575
          11          3  0.1  0   9 rm    1.6949931826519895
          11          3  0.1  1   5 rm    1.6541139341359667
          11          3  0.1  2  11 rm    1.6993638684166663
          11          3  0.5  0   9 rm    5.348699373793222
          11          3  0.5  1   5 rm    5.10058405624547
          11          3  0.5  2  11 rm    5.324495720301015
          11          3  1.0  0   9 rm    8.819200221959822
          11          3  1.0  1   5 rm    8.27323047314613
          11          3  1.0  2  11 rm    8.770971268163425
          11          3 0.28  0   9 rm    3.5354697335069827
          11          3 0.28  1   5 rm    3.404739163092768
          11          3 0.28  2  11 rm    3.5239279665090972
          11          4  0.1  0   9 rm    2.54913568019572
          11          4  0.1  1  17 rm    2.60528756569624
          11          4  0.1  2  11 rm    2.553249037017057
          11          4  1.0  0   9 rm    12.223048929580187
          11          4  1.0  1  17 rm    12.74053038696203
          11          4  1.0  2  11 rm    12.191449291030159
          11          4 0.28  0   9 rm    5.084633851158947
          11          4 0.28  1  17 rm    5.21835397870557
          11          4 0.28  2  11 rm    5.079660145670947
          11          5  0.1  0  25 rm    3.7950706092606543
          11          5  0.1  1  17 rm    3.7578342500007222
          11          5  0.1  2  27 rm    3.790955363625822
          11          5  1.0  0  25 rm    17.033188983075043
          11          5  1.0  1  17 rm    16.518613358352763
          11          5  1.0  2  27 rm    17.007014072143818
          11          5 0.28  0  25 rm    7.23291151134634
          11          5 0.28  1  17 rm    7.123201346298296
          11          5 0.28  2  27 rm    7.224971519250897
          11          6  1.0  0  25 rm    21.46785101199487
          11          6  1.0  1  37 rm    22.121964514875618
          11          6  1.0  2  27 rm    21.71612456952335
          11          7  1.0  0  49 rm    28.0125400792179
          11          7  1.0  1  37 rm    27.347376127060805
          11          7  1.0  2  51 rm    27.903959029897244
          12          1  0.5  0   1 rm    1.1419321385416783
          12          1  1.0  0   1 rm    1.9928127767464814
          12          1 0.28  0   1 rm    0.7126117387969514
          12          2  0.1  0   1 rm    0.9049334821318922
          12          2  0.1  1   5 rm    0.9496299572604259
          12          2  0.5  0   1 rm    2.87319240998834
          12          2  0.5  1   5 rm    3.1132402658884457
          12          2  1.0  0   1 rm    4.667000921694063
          12          2  1.0  1   5 rm    5.197015653649702
          12          2 0.28  0   1 rm    1.9076954483363269
          12          2 0.28  1   5 rm    2.0349205834729354
          12          3  0.1  0   9 rm    1.6945114748943118
          12          3  0.1  1   5 rm    1.653600434922967
          12          3  0.1  2  11 rm    1.698460181587573
          12          3  0.5  0   9 rm    5.347237856456038
          12          3  0.5  1   5 rm    5.098131236974464
          12          3  0.5  2  11 rm    5.322724743845241
          12          3  1.0  0   9 rm    8.816430431202859
          12          3  1.0  1   5 rm    8.268413540569899
          12          3  1.0  2  11 rm    8.7678841406894
          12          3 0.28  0   9 rm    3.5348053900114147
          12          3 0.28  1   5 rm    3.4036137882953934
          12          3 0.28  2  11 rm    3.5230420953304984
          12          4  0.1  0   9 rm    2.5211337581704654
          12          4  0.1  1  17 rm    2.568181317979786
          12          4  0.1  2  11 rm    2.522431211884508
          12          4  1.0  0   9 rm    12.211493240117905
          12          4  1.0  1  17 rm    12.732127511661735
          12          4  1.0  2  11 rm    12.179873203696877
          12          4 0.28  0   9 rm    5.05340979733
          12          4 0.28  1  17 rm    5.177234195290093
          12          4 0.28  2  11 rm    5.047159280386402
          12          5  1.0  0  25 rm    16.98965096168247
          12          5  1.0  1  17 rm    16.463186552325325
          12          5  1.0  2  27 rm    16.961550868528363
          12          5 0.28  0  25 rm    7.142138326850796
          12          5 0.28  1  17 rm    6.996282098621517
          12          5 0.28  2  27 rm    7.13674743645753
          12          6  1.0  0  25 rm    21.162614618585913
          12          6  1.0  1  37 rm    21.681015367188124
          12          6  1.0  2  27 rm    21.13921607206568
          12          6 0.28  0  25 rm    9.332719226944015
          12          6 0.28  1  37 rm    9.473355834500758
          12          6 0.28  2  27 rm    9.308362120383855
          13          1  0.5  0   1 rm    1.1417203280006762
          13          1  1.0  0   1 rm    1.9923237082950633
          13          1 0.28  0   1 rm    0.7125923320062232
          13          2  0.1  0   1 rm    0.9051626796814887
          13          2  0.1  1   5 rm    0.9498319369198738
          13          2  0.5  0   1 rm    2.872231572697376
          13          2  0.5  1   5 rm    3.1126998803197328
          13          2  1.0  0   1 rm    4.664891679741467
          13          2  1.0  1   5 rm    5.195922385319522
          13          2 0.28  0   1 rm    1.9073778414949474
          13          2 0.28  1   5 rm    2.034754187736945
          13          3  0.1  0   9 rm    1.6953992445425625
          13          3  0.1  1   5 rm    1.6540733141469606
          13          3  0.1  2  11 rm    1.699110427432576
          13          3  0.5  0   9 rm    5.346099804509373
          13          3  0.5  1   5 rm    5.0962704805037715
          13          3  0.5  2  11 rm    5.321401379987065
          13          3  1.0  0   9 rm    8.814332607439333
          13          3  1.0  1   5 rm    8.264841648731934
          13          3  1.0  2  11 rm    8.765609454656072
          13          3 0.28  0   9 rm    3.53430421041779
          13          3 0.28  1   5 rm    3.4027899975682727
          13          3 0.28  2  11 rm    3.522415905856426
          13          4  0.1  0   9 rm    2.4849403844601743
          13          4  0.1  1  17 rm    2.5333792571166023
          13          4  0.1  2  11 rm    2.4891211752661393
          13          4  1.0  0   9 rm    12.204665514714895
          13          4  1.0  1  17 rm    12.727556389578151
          13          4  1.0  2  11 rm    12.17277236851714
          13          4 0.28  0   9 rm    5.044837063341921
          13          4 0.28  1  17 rm    5.170196413874658
          13          4 0.28  2  11 rm    5.038908175818877
          13          5  0.1  0  25 rm    3.612749751995689
          13          5  0.1  1  17 rm    3.570520555007754
          13          5  0.1  2  27 rm    3.6128776923190284
          13          5  1.0  0  25 rm    16.94222719269832
          13          5  1.0  1  17 rm    16.414559245403446
          13          5  1.0  2  27 rm    16.910569020005134
          13          5 0.28  0  25 rm    7.037849134667721
          13          5 0.28  1  17 rm    6.914231620387086
          13          5 0.28  2  27 rm    7.029310843535428
          13          6  1.0  0  25 rm    21.034718898651445
          13          6  1.0  1  37 rm    21.580980701556285
          13          6  1.0  2  27 rm    21.01548874160581
          13          7  1.0  0  49 rm    26.774135802441045
          13          7  1.0  1  37 rm    26.207365278072892
          13          7  1.0  2  51 rm    26.736308418053145
          14          1  0.5  0   1 rm    1.1415455097011453
          14          1  1.0  0   1 rm    1.9919162951768306
          14          1 0.28  0   1 rm    0.7125775253216997
          14          2  0.1  0   1 rm    0.9053095152233845
          14          2  0.1  1   5 rm    0.9499948437134695
          14          2  0.5  0   1 rm    2.8714520294487382
          14          2  0.5  1   5 rm    3.1122660174718755
          14          2  1.0  0   1 rm    4.663174576751208
          14          2  1.0  1   5 rm    5.195034279818022
          14          2 0.28  0   1 rm    1.907120062760956
          14          2 0.28  1   5 rm    2.0346260065638684
          14          3  0.1  0   9 rm    1.695750691966468
          14          3  0.1  1   5 rm    1.6543232352771609
          14          3  0.1  2  11 rm    1.6993021687394854
          14          3  0.5  0   9 rm    5.345233628416429
          14          3  0.5  1   5 rm    5.094842874237541
          14          3  0.5  2  11 rm    5.320388771001211
          14          3  1.0  0   9 rm    8.812752013243752
          14          3  1.0  1   5 rm    8.26208922874117
          14          3  1.0  2  11 rm    8.763852703167496
          14          3 0.28  0   9 rm    3.5339268870179468
          14          3 0.28  1   5 rm    3.4021663704366873
          14          3 0.28  2  11 rm    3.5219361389671344
          14          4  0.1  0   9 rm    2.477154262610847
          14          4  0.1  1  17 rm    2.5212476804379462
          14          4  0.1  2  11 rm    2.4798429131967032
          14          4  1.0  0   9 rm    12.199879829309594
          14          4  1.0  1  17 rm    12.72435292136397
          14          4  1.0  2  11 rm    12.167853279732064
          14          4 0.28  0   9 rm    5.040355634533384
          14          4 0.28  1  17 rm    5.16537979102222
          14          4 0.28  2  11 rm    5.034305021245156
          14          5  0.1  0  25 rm    3.5417218488028706
          14          5  0.1  1  17 rm    3.4868635898365126
          14          5  0.1  2  27 rm    3.5420582905509086
          14          5  1.0  0  25 rm    16.93397880517121
          14          5  1.0  1  17 rm    16.403327259413558
          14          5  1.0  2  27 rm    16.902333493329774
          14          5 0.28  0  25 rm    6.9865291769644235
          14          5 0.28  1  17 rm    6.849720978263627
          14          5 0.28  2  27 rm    6.978811702983154
          14          6  0.1  0  25 rm    4.745473815683266
          14          6  0.1  1  37 rm    4.7894537826634815
          14          6  0.1  2  27 rm    4.741229491073627
          14          6  1.0  0  25 rm    20.925511370379937
          14          6  1.0  1  37 rm    21.427992961972308
          14          6  1.0  2  27 rm    20.90037154975989
          14          6 0.28  0  25 rm    8.991954751253408
          14          6 0.28  1  37 rm    9.10411822257736
          14          6 0.28  2  27 rm    8.984271471146453
          14          7  1.0  0  49 rm    26.58010534688936
          14          7  1.0  1  37 rm    25.93454511968519
          14          7  1.0  2  51 rm    26.54387985303726
          15          1  1.0  0   1 rm    1.9915718806407339
          15          1 0.28  0   1 rm    0.7125673844354681
          15          2  0.1  0   1 rm    0.9054554937891667
          15          2  0.1  1   5 rm    0.9501417496596538
          15          2  1.0  0   1 rm    4.661754615963767
          15          2  1.0  1   5 rm    5.194300300937016
          15          2 0.28  0   1 rm    1.9069105879183321
          15          2 0.28  1   5 rm    2.034523669534626
          15          3  0.1  0   9 rm    1.6959448242595907
          15          3  0.1  1   5 rm    1.6544731527020644
          15          3  0.1  2  11 rm    1.6994659543047577
          15          3  1.0  0   9 rm    8.811471901625211
          15          3  1.0  1   5 rm    8.259876263204438
          15          3  1.0  2  11 rm    8.762446581529657
          15          3 0.28  0   9 rm    3.53363875594227
          15          3 0.28  1   5 rm    3.4016787087212785
          15          3 0.28  2  11 rm    3.521570742423945
          15          4  0.1  0   9 rm    2.47084185192085
          15          4  0.1  1  17 rm    2.5150592641832907
          15          4  0.1  2  11 rm    2.4733458553758507
          15          4  1.0  0   9 rm    12.196268594501282
          15          4  1.0  1  17 rm    12.721943596137796
          15          4  1.0  2  11 rm    12.16411230405618
          15          4 0.28  0   9 rm    5.039224804830898
          15          4 0.28  1  17 rm    5.164502661053268
          15          4 0.28  2  11 rm    5.033038422005225
          15          5  0.1  0  25 rm    3.4888524344094534
          15          5  0.1  1  17 rm    3.4433869394158805
          15          5  0.1  2  27 rm    3.4890599730030396
          15          5  1.0  0  25 rm    16.927808819258104
          15          5  1.0  1  17 rm    16.395517563935925
          15          5  1.0  2  27 rm    16.896463915254948
          15          5 0.28  0  25 rm    6.940217281322969
          15          5 0.28  1  17 rm    6.815593223646628
          15          5 0.28  2  27 rm    6.9328085426151285
          15          6  1.0  0  25 rm    20.88345241631972
          15          6  1.0  1  37 rm    21.39635058419063
          15          6  1.0  2  27 rm    20.86034614442669
          15          6 0.28  0  25 rm    8.871059402283558
          15          6 0.28  1  37 rm    9.018390914767613
          15          6 0.28  2  27 rm    8.866222190454177
          15          7  1.0  0  49 rm    26.265066020621042
          15          7  1.0  1  37 rm    25.742053696450153
          15          7  1.0  2  51 rm    26.230155414098746
          15          7 0.28  0  49 rm    11.43732444131918
          15          7 0.28  1  37 rm    11.2888527607071
          15          7 0.28  2  51 rm    11.413761088479461
          16          5  0.1  0  25 rm    3.4444683802148375
          16          5  0.1  1  17 rm    3.3945840189878362
          16          5  0.1  2  27 rm    3.445625225494935
          16          5  1.0  0  25 rm    16.924296781007467
          16          5  1.0  1  17 rm    16.390518913838747
          16          5  1.0  2  27 rm    16.892761853083837
          16          5 0.28  0  25 rm    6.928233170998001
          16          5 0.28  1  17 rm    6.801184936837877
          16          5 0.28  2  27 rm    6.921080034751443
          16          6  0.1  0  25 rm    4.5610687629587625
          16          6  0.1  1  37 rm    4.603124781192194
          16          6  0.1  2  27 rm    4.560465526590334
          16          6  1.0  0  25 rm    20.85079090051702
          16          6  1.0  1  37 rm    21.361862890427997
          16          6  1.0  2  27 rm    20.82780974908693
          16          6 0.28  0  25 rm    8.797163811490256
          16          6 0.28  1  37 rm    8.915147988550705
          16          6 0.28  2  27 rm    8.790395222950057
          16          7  1.0  0  49 rm    26.1851477754495
          16          7  1.0  1  37 rm    25.636796078258634
          16          7  1.0  2  51 rm    26.15615120799489
          17          5  0.1  0  25 rm    3.418423127281045
          17          5  0.1  1  17 rm    3.3753577313022127
          17          5  0.1  2  27 rm    3.4193048980809913
          17          5  1.0  0  25 rm    16.92166762894921
          17          5  1.0  1  17 rm    16.386798886207647
          17          5  1.0  2  27 rm    16.890067420253818
          17          5 0.28  0  25 rm    6.918764132878329
          17          5 0.28  1  17 rm    6.793611405906381
          17          5 0.28  2  27 rm    6.9118254077164964
          17          6  0.1  0  25 rm    4.480885949189171
          17          6  0.1  1  37 rm    4.535852578801141
          17          6  0.1  2  27 rm    4.479405522709213
          17          6  1.0  0  25 rm    20.842441909031116
          17          6  1.0  1  37 rm    21.35547090585645
          17          6  1.0  2  27 rm    20.81954942554965
          17          6 0.28  0  25 rm    8.729091242449266
          17          6 0.28  1  37 rm    8.863594067148334
          17          6 0.28  2  27 rm    8.724223050398985
          17          7  1.0  0  49 rm    26.065935390720952
          17          7  1.0  1  37 rm    25.555276121454764
          17          7  1.0  2  51 rm    26.044454758001873
          17          7 0.28  0  49 rm    11.093510666101421
          17          7 0.28  1  37 rm    10.973457756010925
          17          7 0.28  2  51 rm    11.082885743718416
          18          5  0.1  0  25 rm    3.4015361477543675
          18          5  0.1  1  17 rm    3.3572127310224165
          18          5  0.1  2  27 rm    3.4028917394187643
          18          5  1.0  0  25 rm    16.91961082877734
          18          5  1.0  1  17 rm    16.383867492814602
          18          5  1.0  2  27 rm    16.88790363792473
          18          5 0.28  0  25 rm    6.917324670108239
          18          5 0.28  1  17 rm    6.791827278263456
          18          5 0.28  2  27 rm    6.910302201280909
          18          6  0.1  0  25 rm    4.430595983009935
          18          6  0.1  1  37 rm    4.474717469443932
          18          6  0.1  2  27 rm    4.429684434866176
          18          6  1.0  0  25 rm    20.836516191861726
          18          6  1.0  1  37 rm    21.350551285505723
          18          6  1.0  2  27 rm    20.813552095166546
          18          6 0.28  0  25 rm    8.691385085031492
          18          6 0.28  1  37 rm    8.810893189804235
          18          6 0.28  2  27 rm    8.685793267195473
          18          7  1.0  0  49 rm    26.041573651384848
          18          7  1.0  1  37 rm    25.52198360828332
          18          7  1.0  2  51 rm    26.019161206080202
          18          7 0.28  0  49 rm    11.006872183105202
          18          7 0.28  1  37 rm    10.854280554082829
          18          7 0.28  2  51 rm    10.999229000053486
          19          5  1.0  0  25 rm    16.917954529197655
          19          5  1.0  1  17 rm    16.38152081522636
          19          5  1.0  2  27 rm    16.88617483111042
          19          5 0.28  0  25 rm    6.916316732447753
          19          5 0.28  1  17 rm    6.790667435521097
          19          5 0.28  2  27 rm    6.909240776743168
          19          6  0.1  0  25 rm    4.374025987420302
          19          6  0.1  1  37 rm    4.425271908287045
          19          6  0.1  2  27 rm    4.373344190306138
          19          6  1.0  0  25 rm    20.83263808900241
          19          6  1.0  1  37 rm    21.347608806006793
          19          6  1.0  2  27 rm    20.809563705735236
          19          6 0.28  0  25 rm    8.668610470158422
          19          6 0.28  1  37 rm    8.792708389420145
          19          6 0.28  2  27 rm    8.66389631298723
          19          7  0.1  0  49 rm    5.65705088492646
          19          7  0.1  1  37 rm    5.613577309615142
          19          7  0.1  2  51 rm    5.65450916902961
          19          7  1.0  0  49 rm    26.014846051362454
          19          7  1.0  1  37 rm    25.49734579777771
          19          7  1.0  2  51 rm    25.991378185908207
          19          7 0.28  0  49 rm    10.901297343375456
          19          7 0.28  1  37 rm    10.782111374636695
          19          7 0.28  2  51 rm    10.894254567093324
          20          5  0.1  0  25 rm    3.38869883819409
          20          5  0.1  1  17 rm    3.3469816963711576
          20          5  0.1  2  27 rm    3.3899226922654018
          20          5  1.0  0  25 rm    16.916616939390543
          20          5  1.0  1  17 rm    16.379602536134247
          20          5  1.0  2  27 rm    16.884768686333373
          20          5 0.28  0  25 rm    6.915815118886426
          20          5 0.28  1  17 rm    6.790002028207597
          20          5 0.28  2  27 rm    6.908687210546319
          20          6  0.1  0  25 rm    4.343059937738011
          20          6  0.1  1  37 rm    4.386764045701448
          20          6  0.1  2  27 rm    4.34286283168898
          20          6  1.0  0  25 rm    20.829616704007044
          20          6  1.0  1  37 rm    21.34534512137752
          20          6  1.0  2  27 rm    20.806477871589024
          20          6 0.28  0  25 rm    8.656652254882403
          20          6 0.28  1  37 rm    8.776473027109553
          20          6 0.28  2  27 rm    8.651893664657424
          20          7  1.0  0  49 rm    26.009365982752012
          20          7  1.0  1  37 rm    25.490542352286074
          20          7  1.0  2  51 rm    25.98597438662001
          20          7 0.28  0  49 rm    10.847073045945416
          20          7 0.28  1  37 rm    10.70941832249622
          20          7 0.28  2  51 rm    10.840914048777021
          10          2  0.1  0   8 add   1.195385623293875
          10          2  0.1  0   1 rm    0.9043261272888937
          10          2  0.1  1  14 add   1.264781335107233
          10          2  0.1  1   5 rm    0.9490363388185727
          10          2  0.1  2   7 add   1.2055743005795208
          10          2  0.2  0   8 add   1.959925291088872
          10          2  0.2  0   1 rm    1.5006203540663552
          10          2  0.2  1  14 add   2.0969606859862604
          10          2  0.2  1   5 rm    1.5897024585369723
          10          2  0.2  2   7 add   1.9477934770056404
          10          2  0.3  0   8 add   2.6257693613681905
          10          2  0.3  0   1 rm    2.004594377339961
          10          2  0.3  1  14 add   2.8360854835378575
          10          2  0.3  1   5 rm    2.1410903584451755
          10          2  0.3  2   7 add   2.600932771885934
          10          2  0.4  0   8 add   3.2410081587878854
          10          2  0.4  0   1 rm    2.457567117532269
          10          2  0.4  1  14 add   3.5265815839176486
          10          2  0.4  1   5 rm    2.6440638224813022
          10          2  0.4  2   7 add   3.2053378301546074
          10          2  0.5  0   8 add   3.823003161977391
          10          2  0.5  0   1 rm    2.875987143148695
          10          2  0.5  1  14 add   4.185203872679797
          10          2  0.5  1   5 rm    3.1148286755564394
          10          2  0.5  2   7 add   3.7774856477013845
          10          2  0.6  0   8 add   4.380820073390548
          10          2  0.6  0   1 rm    3.26885619927823
          10          2  0.6  1  14 add   4.820689772389322
          10          2  0.6  1   5 rm    3.5620925690977927
          10          2  0.6  2   7 add   4.326082581826473
          10          2  0.7  0   8 add   4.919943973848251
          10          2  0.7  0   1 rm    3.641735828433216
          10          2  0.7  1  14 add   5.438345584648575
          10          2  0.7  1   5 rm    3.9911817040977673
          10          2  0.7  2   7 add   4.85647671966699
          10          2  0.8  0   8 add   5.444009254459325
          10          2  0.8  0   1 rm    3.9984355031818235
          10          2  0.8  1  14 add   6.041665998903476
          10          2  0.8  1   5 rm    4.40566292827361
          10          2  0.8  2   7 add   5.372199495671506
          10          2  0.9  0   8 add   5.955620740939485
          10          2  0.9  0   1 rm    4.341544195971356
          10          2  0.9  1  14 add   6.633195184610353
          10          2  0.9  1   5 rm    4.808041453921417
          10          2  0.9  2   7 add   5.8758407767255
          10          2  1.0  0   8 add   6.456674014471425
          10          2  1.0  0   1 rm    4.673125745068771
          10          2  1.0  1  14 add   7.2147379616496625
          10          2  1.0  1   5 rm    5.200193672434597
          10          2  1.0  2   7 add   6.369227668470276
