# num_shells num_filled freq ml p   label energy
          10          2  0.1  0   8 add   1.195385623293875
          10          2  0.1  0   1 rm    0.9043261272888937
          10          2  0.1  1  14 add   1.264781335107233
          10          2  0.1  1   5 rm    0.9490363388185727
          10          2  0.1  2   7 add   1.2055743005795208
          10          2  0.2  0   8 add   1.959925291088872
          10          2  0.2  0   1 rm    1.5006203540663552
          10          2  0.2  1  14 add   2.0969606859862604
          10          2  0.2  1   5 rm    1.5897024585369723
          10          2  0.2  2   7 add   1.9477934770056404
          10          2  0.3  0   8 add   2.6257693613681905
          10          2  0.3  0   1 rm    2.004594377339961
          10          2  0.3  1  14 add   2.8360854835378575
          10          2  0.3  1   5 rm    2.1410903584451755
          10          2  0.3  2   7 add   2.600932771885934
          10          2  0.4  0   8 add   3.2410081587878854
          10          2  0.4  0   1 rm    2.457567117532269
          10          2  0.4  1  14 add   3.5265815839176486
          10          2  0.4  1   5 rm    2.6440638224813022
          10          2  0.4  2   7 add   3.2053378301546074
          10          2  0.5  0   8 add   3.823003161977391
          10          2  0.5  0   1 rm    2.875987143148695
          10          2  0.5  1  14 add   4.185203872679797
          10          2  0.5  1   5 rm    3.1148286755564394
          10          2  0.5  2   7 add   3.7774856477013845
          10          2  0.6  0   8 add   4.380820073390548
          10          2  0.6  0   1 rm    3.26885619927823
          10          2  0.6  1  14 add   4.820689772389322
          10          2  0.6  1   5 rm    3.5620925690977927
          10          2  0.6  2   7 add   4.326082581826473
          10          2  0.7  0   8 add   4.919943973848251
          10          2  0.7  0   1 rm    3.641735828433216
          10          2  0.7  1  14 add   5.438345584648575
          10          2  0.7  1   5 rm    3.9911817040977673
          10          2  0.7  2   7 add   4.85647671966699
          10          2  0.8  0   8 add   5.444009254459325
          10          2  0.8  0   1 rm    3.9984355031818235
          10          2  0.8  1  14 add   6.041665998903476
          10          2  0.8  1   5 rm    4.40566292827361
          10          2  0.8  2   7 add   5.372199495671506
          10          2  0.9  0   8 add   5.955620740939485
          10          2  0.9  0   1 rm    4.341544195971356
          10          2  0.9  1  14 add   6.633195184610353
          10          2  0.9  1   5 rm    4.808041453921417
          10          2  0.9  2   7 add   5.8758407767255
          10          2  1.0  0   8 add   6.456674014471425
          10          2  1.0  0   1 rm    4.673125745068771
          10          2  1.0  1  14 add   7.2147379616496625
          10          2  1.0  1   5 rm    5.200193672434597
          10          2  1.0  2   7 add   6.369227668470276
