# time taken (in seconds) for various kinds of ground state calculations
# benchmarked on Fei's old office computer (rip 2013-2016)
num_shells num_filled freq method time
5 1 0.28 hf 4.7583e-05
5 1 0.28 imsrg 2.86402
5 1 0.28 mp2 4.97399e-06
5 1 1.0 hf 0.000336315
5 1 1.0 imsrg 2.26653
5 1 1.0 mp2 3.73501e-06
5 2 0.28 hf 4.8289e-05
5 2 0.28 imsrg 3.89155
5 2 0.28 mp2 7.88999e-06
5 2 1.0 hf 3.3445e-05
5 2 1.0 imsrg 2.71422
5 2 1.0 mp2 5.49399e-06
5 3 0.1 hf 5.0499e-05
5 3 0.1 imsrg 3.71003
5 3 0.1 mp2 1.1418e-05
5 3 0.28 hf 5.0559e-05
5 3 0.28 imsrg 3.12139
5 3 0.28 mp2 1.1229e-05
5 3 1.0 hf 0.000332628
5 3 1.0 imsrg 2.85022
5 3 1.0 mp2 7.71999e-06
6 1 0.28 hf 5.2337e-05
6 1 0.28 imsrg 12.0095
6 1 0.28 mp2 8.69e-06
6 1 1.0 hf 0.000375409
6 1 1.0 imsrg 9.34905
6 1 1.0 mp2 8.562e-06
6 2 0.1 hf 3.5741e-05
6 2 0.1 imsrg 23.2881
6 2 0.1 mp2 1.0299e-05
6 2 0.28 hf 0.000317791
6 2 0.28 imsrg 15.1526
6 2 0.28 mp2 1.4975e-05
6 2 1.0 hf 0.00033479
6 2 1.0 imsrg 10.988
6 2 1.0 mp2 1.0746e-05
6 3 0.28 hf 4.8589e-05
6 3 0.28 imsrg 16.2861
6 3 0.28 mp2 2.5897e-05
6 3 1.0 hf 5.0699e-05
6 3 1.0 imsrg 13.0018
6 3 1.0 mp2 2.811e-05
7 1 0.28 hf 5.0076e-05
7 1 0.28 imsrg 42.2828
7 1 0.28 mp2 1.4255e-05
7 1 1.0 hf 0.000338885
7 1 1.0 imsrg 31.7399
7 1 1.0 mp2 1.0726e-05
7 2 0.1 hf 3.7899e-05
7 2 0.1 imsrg 80.3469
7 2 0.1 mp2 1.9621e-05
7 2 0.28 hf 0.000305288
7 2 0.28 imsrg 50.8004
7 2 0.28 mp2 2.6224e-05
7 2 1.0 hf 0.000302004
7 2 1.0 imsrg 37.1686
7 2 1.0 mp2 1.918e-05
7 3 0.1 hf 5.0021e-05
7 3 0.1 imsrg 65.9458
7 3 0.1 mp2 4.8182e-05
7 3 0.28 hf 4.13e-05
7 3 0.28 imsrg 53.2563
7 3 0.28 mp2 3.9935e-05
7 3 1.0 hf 0.000320868
7 3 1.0 imsrg 43.057
7 3 1.0 mp2 3.5044e-05
8 1 0.28 hf 0.000318338
8 1 0.28 imsrg 124.093
8 1 0.28 mp2 2.6636e-05
8 1 1.0 hf 4.8966e-05
8 1 1.0 imsrg 91.631
8 1 1.0 mp2 1.7551e-05
8 2 0.1 hf 5.5358e-05
8 2 0.1 imsrg 207.206
8 2 0.1 mp2 6.2279e-05
8 2 0.28 hf 0.000307849
8 2 0.28 imsrg 146.64
8 2 0.28 mp2 4.7269e-05
8 2 1.0 hf 4.3245e-05
8 2 1.0 imsrg 109.947
8 2 1.0 mp2 3.2442e-05
8 3 0.28 hf 0.000309512
8 3 0.28 imsrg 170.584
8 3 0.28 mp2 6.2742e-05
8 3 1.0 hf 0.00032339
8 3 1.0 imsrg 128.194
8 3 1.0 mp2 9.24971e-05
9 1 0.28 hf 6.15431e-05
9 1 0.28 imsrg 325.446
9 1 0.28 mp2 4.4373e-05
9 1 1.0 hf 4.95841e-05
9 1 1.0 imsrg 234.792
9 1 1.0 mp2 3.4888e-05
9 2 0.1 hf 6.8582e-05
9 2 0.1 imsrg 559.883
9 2 0.1 mp2 0.000120281
9 2 0.28 hf 0.000315225
9 2 0.28 imsrg 397.654
9 2 0.28 mp2 0.000121832
9 2 1.0 hf 0.000319995
9 2 1.0 imsrg 275.989
9 2 1.0 mp2 0.000114624
9 3 0.1 hf 0.000320457
9 3 0.1 imsrg 607.015
9 3 0.1 mp2 0.000192187
9 3 0.28 hf 5.0289e-05
9 3 0.28 imsrg 439.012
9 3 0.28 mp2 0.000161559
9 3 1.0 hf 6.12111e-05
9 3 1.0 imsrg 325.127
9 3 1.0 mp2 0.000166819
10 1 0.28 hf 6.2092e-05
10 1 0.28 imsrg 775.469
10 1 0.28 mp2 5.7864e-05
10 1 1.0 hf 7.8019e-05
10 1 1.0 imsrg 566.739
10 1 1.0 mp2 7.161e-05
10 2 0.1 hf 7.9538e-05
10 2 0.1 imsrg 1358.6
10 2 0.1 mp2 0.000195332
10 2 0.28 hf 8.1299e-05
10 2 0.28 imsrg 934.671
10 2 0.28 mp2 0.000187926
10 2 1.0 hf 0.000317187
10 2 1.0 imsrg 658.087
10 2 1.0 mp2 0.000189846
10 3 0.1 hf 0.000308717
10 3 0.1 imsrg 1442.77
10 3 0.1 mp2 0.000303009
10 3 0.28 hf 0.000302293
10 3 0.28 imsrg 1009.33
10 3 0.28 mp2 0.000303701
10 3 1.0 hf 0.000321866
10 3 1.0 imsrg 758.337
10 3 1.0 mp2 0.000329877
11 1 0.28 hf 0.000313415
11 1 0.28 imsrg 1684.74
11 1 0.28 mp2 0.00010127
11 1 1.0 hf 0.000309188
11 1 1.0 imsrg 1248.48
11 1 1.0 mp2 8.00859e-05
11 2 0.1 hf 0.000314902
11 2 0.1 imsrg 2843.71
11 2 0.1 mp2 0.000239085
11 2 0.28 hf 9.6391e-05
11 2 0.28 imsrg 2018.49
11 2 0.28 mp2 0.000276007
11 2 1.0 hf 0.000309535
11 2 1.0 imsrg 1435.91
11 2 1.0 mp2 0.000273938
11 3 0.1 hf 8.3833e-05
11 3 0.1 imsrg 2977.05
11 3 0.1 mp2 0.000491555
11 3 0.28 hf 9.8301e-05
11 3 0.28 imsrg 2205.26
11 3 0.28 mp2 0.00048205
11 3 1.0 hf 9.45131e-05
11 3 1.0 imsrg 1662.49
11 3 1.0 mp2 0.000471316
12 1 0.28 hf 0.000309512
12 1 0.28 imsrg 3450.63
12 1 0.28 mp2 0.000134449
12 1 1.0 hf 8.8222e-05
12 1 1.0 imsrg 2557.83
12 1 1.0 mp2 0.000111768
12 2 0.1 hf 0.000320033
12 2 0.1 imsrg 5669.67
12 2 0.1 mp2 0.000349563
12 2 0.28 hf 0.000318997
12 2 0.28 imsrg 3974.32
12 2 0.28 mp2 0.000343794
12 2 1.0 hf 0.000318773
12 2 1.0 imsrg 2898.53
12 2 1.0 mp2 0.000338359
12 3 0.1 hf 9.40061e-05
12 3 0.1 imsrg 6085.42
12 3 0.1 mp2 0.000610833
12 3 0.28 hf 0.000311274
12 3 0.28 imsrg 4515.25
12 3 0.28 mp2 0.000621695
12 3 1.0 hf 0.00030031
12 3 1.0 imsrg 3471.54
12 3 1.0 mp2 0.000619639
13 1 0.28 hf 0.00010656
13 1 0.28 imsrg 6645.92
13 1 0.28 mp2 0.000168314
13 1 1.0 hf 0.000126119
13 1 1.0 imsrg 4799.78
13 1 1.0 mp2 0.000173378
13 2 0.1 hf 0.000110675
13 2 0.1 imsrg 11133.7
13 2 0.1 mp2 0.000455633
13 2 0.28 hf 9.39079e-05
13 2 0.28 imsrg 7709.73
13 2 0.28 mp2 0.000454778
13 2 1.0 hf 8.9013e-05
13 2 1.0 imsrg 5737.72
13 2 1.0 mp2 0.00043902
13 3 0.1 hf 0.000315039
13 3 0.1 imsrg 12428.7
13 3 0.1 mp2 0.000835559
13 3 0.28 hf 0.000313337
13 3 0.28 imsrg 8495.82
13 3 0.28 mp2 0.000855325
13 3 1.0 hf 9.9462e-05
13 3 1.0 imsrg 6488.83
13 3 1.0 mp2 0.000846421
14 1 0.28 hf 0.000299294
14 1 0.28 imsrg 12243.1
14 1 0.28 mp2 0.000190108
14 1 1.0 hf 0.000311139
14 1 1.0 imsrg 8939.8
14 1 1.0 mp2 0.000191575
14 2 0.1 hf 0.000309595
14 2 0.1 imsrg 21302.7
14 2 0.1 mp2 0.000623733
14 2 0.28 hf 0.000108949
14 2 0.28 imsrg 14024.3
14 2 0.28 mp2 0.000609681
14 2 1.0 hf 8.1736e-05
14 2 1.0 imsrg 10559.4
14 2 1.0 mp2 0.000540674
14 3 0.1 hf 0.000305728
14 3 0.1 imsrg 21929.2
14 3 0.1 mp2 0.00108115
14 3 0.28 hf 0.000311997
14 3 0.28 imsrg 16033.1
14 3 0.28 mp2 0.00110258
14 3 1.0 hf 0.000101523
14 3 1.0 imsrg 12375.7
14 3 1.0 mp2 0.00112032
